date,value
2013-09-19 02:16:07 +0100,"OrderedDict([('pass', 1)])"
2013-09-20 02:42:51 +0100,"OrderedDict([('pass', 1)])"
2013-09-21 02:35:34 +0100,"OrderedDict([('pass', 1)])"
2013-09-22 02:42:30 +0100,"OrderedDict([('pass', 1)])"
2013-09-23 14:45:25 +0100,"OrderedDict([('pass', 1)])"
2013-09-24 02:24:38 +0100,"OrderedDict([('pass', 1)])"
2013-09-25 02:24:18 +0100,"OrderedDict([('pass', 1)])"
2013-09-25 11:14:19 +0100,"OrderedDict([('pass', 1)])"
2013-09-25 15:24:36 +0100,"OrderedDict([('pass', 1)])"
2013-09-26 02:28:48 +0100,"OrderedDict([('pass', 1)])"
2013-09-27 03:04:57 +0100,"OrderedDict([('pass', 1)])"
2013-09-28 02:34:11 +0100,"OrderedDict([('pass', 1)])"
2013-09-29 02:37:28 +0100,"OrderedDict([('pass', 1)])"
2013-09-30 02:41:33 +0100,"OrderedDict([('pass', 1)])"
2013-10-01 02:48:10 +0100,"OrderedDict([('pass', 1)])"
2013-10-02 02:40:18 +0100,"OrderedDict([('pass', 1)])"
2013-10-03 02:50:49 +0100,"OrderedDict([('pass', 1)])"
2013-10-04 02:42:18 +0100,"OrderedDict([('pass', 1)])"
2013-10-05 02:35:24 +0100,"OrderedDict([('pass', 1)])"
2013-10-06 02:35:14 +0100,"OrderedDict([('pass', 1)])"
2013-10-07 02:36:02 +0100,"OrderedDict([('pass', 1)])"
2013-10-08 02:48:25 +0100,"OrderedDict([('pass', 1)])"
2013-10-09 02:44:15 +0100,"OrderedDict([('pass', 1)])"
2013-10-10 02:42:47 +0100,"OrderedDict([('pass', 1)])"
2013-10-11 02:43:24 +0100,"OrderedDict([('pass', 1)])"
2013-10-12 02:36:46 +0100,"OrderedDict([('pass', 1)])"
2013-10-13 02:34:49 +0100,"OrderedDict([('pass', 1)])"
2013-10-16 02:38:31 +0100,"OrderedDict([('pass', 1)])"
2013-10-17 02:38:11 +0100,"OrderedDict([('pass', 1)])"
2013-10-18 03:54:04 +0100,"OrderedDict([('pass', 1)])"
2013-10-19 04:22:37 +0100,"OrderedDict([('pass', 1)])"
2013-10-20 03:47:14 +0100,"OrderedDict([('pass', 1)])"
2013-10-21 03:33:15 +0100,"OrderedDict([('pass', 1)])"
2013-10-22 03:54:27 +0100,"OrderedDict([('pass', 1)])"
2013-10-23 04:08:12 +0100,"OrderedDict([('pass', 1)])"
2013-10-24 03:23:20 +0100,"OrderedDict([('pass', 1)])"
2013-10-25 03:49:11 +0100,"OrderedDict([('pass', 1)])"
2013-10-26 02:58:11 +0100,"OrderedDict([('pass', 1)])"
2013-10-27 04:56:02 +0000,"OrderedDict([('pass', 1)])"
2013-10-28 03:29:04 +0000,"OrderedDict([('pass', 1)])"
2013-10-29 03:34:38 +0000,"OrderedDict([('pass', 1)])"
2013-10-30 03:44:23 +0000,"OrderedDict([('pass', 1)])"
2013-10-31 04:16:06 +0000,"OrderedDict([('pass', 1)])"
2013-11-01 19:13:36 +0000,"OrderedDict([('pass', 1)])"
2013-11-04 10:02:58 +0000,"OrderedDict([('pass', 1)])"
2013-11-05 03:51:50 +0000,"OrderedDict([('pass', 1)])"
2013-11-06 03:39:36 +0000,"OrderedDict([('pass', 1)])"
2013-11-07 03:44:18 +0000,"OrderedDict([('pass', 1)])"
2013-11-08 03:49:56 +0000,"OrderedDict([('pass', 1)])"
2013-11-09 04:02:57 +0000,"OrderedDict([('pass', 1)])"
2013-11-10 03:28:18 +0000,"OrderedDict([('pass', 1)])"
2013-11-11 03:43:31 +0000,"OrderedDict([('pass', 1)])"
2013-11-12 04:09:49 +0000,"OrderedDict([('pass', 1)])"
2013-11-13 04:17:11 +0000,"OrderedDict([('pass', 1)])"
2013-11-14 03:34:20 +0000,"OrderedDict([('pass', 1)])"
2013-11-15 03:40:17 +0000,"OrderedDict([('pass', 1)])"
2013-11-16 03:32:06 +0000,"OrderedDict([('pass', 1)])"
2013-11-17 03:26:32 +0000,"OrderedDict([('pass', 1)])"
2013-11-18 03:40:30 +0000,"OrderedDict([('pass', 1)])"
2013-11-19 03:32:58 +0000,"OrderedDict([('pass', 1)])"
2013-11-20 03:45:31 +0000,"OrderedDict([('pass', 1)])"
2013-11-21 00:22:41 +0000,"OrderedDict([('pass', 1)])"
2013-11-23 03:53:55 +0000,"OrderedDict([('pass', 1)])"
2013-11-24 03:44:40 +0000,"OrderedDict([('pass', 1)])"
2013-11-25 03:55:14 +0000,"OrderedDict([('pass', 1)])"
2013-11-26 03:54:42 +0000,"OrderedDict([('pass', 1)])"
2013-11-27 02:39:15 +0000,"OrderedDict([('pass', 1)])"
2013-11-28 02:45:13 +0000,"OrderedDict([('pass', 1)])"
2013-11-29 02:53:16 +0000,"OrderedDict([('pass', 1)])"
2013-11-29 13:52:45 +0000,"OrderedDict([('pass', 1)])"
2013-11-30 02:38:52 +0000,"OrderedDict([('pass', 1)])"
2013-12-01 02:42:02 +0000,"OrderedDict([('pass', 1)])"
2013-12-02 02:51:58 +0000,"OrderedDict([('pass', 1)])"
2013-12-03 04:32:38 +0000,"OrderedDict([('pass', 1)])"
2013-12-04 04:03:25 +0000,"OrderedDict([('pass', 1)])"
2013-12-05 03:53:11 +0000,"OrderedDict([('pass', 1)])"
2013-12-06 02:54:29 +0000,"OrderedDict([('pass', 1)])"
2013-12-07 02:34:50 +0000,"OrderedDict([('pass', 1)])"
2013-12-08 02:36:39 +0000,"OrderedDict([('pass', 1)])"
2013-12-09 02:52:24 +0000,"OrderedDict([('pass', 1)])"
2013-12-10 02:46:19 +0000,"OrderedDict([('pass', 1)])"
2013-12-11 02:54:20 +0000,"OrderedDict([('pass', 1)])"
2013-12-12 03:04:44 +0000,"OrderedDict([('pass', 1)])"
2013-12-13 02:57:01 +0000,"OrderedDict([('pass', 1)])"
2013-12-14 02:38:45 +0000,"OrderedDict([('pass', 1)])"
2013-12-15 03:04:13 +0000,"OrderedDict([('pass', 1)])"
2013-12-16 02:55:23 +0000,"OrderedDict([('pass', 1)])"
2013-12-17 02:58:50 +0000,"OrderedDict([('pass', 1)])"
2013-12-18 02:52:19 +0000,"OrderedDict([('pass', 1)])"
2013-12-19 03:59:42 +0000,"OrderedDict([('pass', 1)])"
2013-12-20 04:06:15 +0000,"OrderedDict([('pass', 1)])"
2013-12-20 16:56:27 +0000,"OrderedDict([('pass', 1)])"
2013-12-21 02:31:09 +0000,"OrderedDict([('pass', 1)])"
2013-12-22 08:37:23 +0000,"OrderedDict([('pass', 1)])"
2013-12-23 04:25:16 +0000,"OrderedDict([('pass', 1)])"
2013-12-24 04:29:27 +0000,"OrderedDict([('pass', 1)])"
2013-12-25 03:10:58 +0000,"OrderedDict([('pass', 1)])"
2013-12-26 03:04:01 +0000,"OrderedDict([('pass', 1)])"
2013-12-27 03:17:26 +0000,"OrderedDict([('pass', 1)])"
2013-12-28 03:04:54 +0000,"OrderedDict([('pass', 1)])"
2013-12-30 02:52:57 +0000,"OrderedDict([('pass', 1)])"
2013-12-31 02:54:44 +0000,"OrderedDict([('pass', 1)])"
2014-01-01 02:59:11 +0000,"OrderedDict([('pass', 1)])"
2014-01-02 04:08:28 +0000,"OrderedDict([('pass', 1)])"
2014-01-03 04:15:04 +0000,"OrderedDict([('pass', 1)])"
2014-01-04 02:52:31 +0000,"OrderedDict([('pass', 1)])"
2014-01-05 02:58:11 +0000,"OrderedDict([('pass', 1)])"
2014-01-06 04:43:07 +0000,"OrderedDict([('pass', 1)])"
2014-01-07 04:21:33 +0000,"OrderedDict([('pass', 1)])"
2014-01-08 04:28:04 +0000,"OrderedDict([('pass', 1)])"
2014-01-09 11:43:05 +0000,"OrderedDict([('pass', 1)])"
2014-01-10 03:41:39 +0000,"OrderedDict([('pass', 1)])"
2014-01-11 02:16:17 +0000,"OrderedDict([('pass', 1)])"
2014-01-12 02:21:34 +0000,"OrderedDict([('pass', 1)])"
2014-01-13 02:16:21 +0000,"OrderedDict([('pass', 1)])"
2014-01-14 02:16:39 +0000,"OrderedDict([('pass', 1)])"
2014-01-15 02:31:55 +0000,"OrderedDict([('pass', 1)])"
2014-01-16 02:18:22 +0000,"OrderedDict([('pass', 1)])"
2014-01-17 02:26:19 +0000,"OrderedDict([('pass', 1)])"
2014-01-18 02:19:36 +0000,"OrderedDict([('pass', 1)])"
2014-01-19 02:25:23 +0000,"OrderedDict([('pass', 1)])"
2014-01-20 02:20:22 +0000,"OrderedDict([('pass', 1)])"
2014-01-21 02:31:17 +0000,"OrderedDict([('pass', 1)])"
2014-01-22 02:25:21 +0000,"OrderedDict([('pass', 1)])"
2014-01-23 02:33:16 +0000,"OrderedDict([('pass', 1)])"
2014-01-24 02:23:38 +0000,"OrderedDict([('pass', 1)])"
2014-01-25 02:23:24 +0000,"OrderedDict([('pass', 1)])"
2014-01-26 02:27:56 +0000,"OrderedDict([('pass', 1)])"
2014-01-27 02:20:07 +0000,"OrderedDict([('pass', 1)])"
2014-01-28 02:20:35 +0000,"OrderedDict([('pass', 1)])"
2014-01-29 02:32:21 +0000,"OrderedDict([('pass', 1)])"
2014-01-30 02:29:49 +0000,"OrderedDict([('pass', 1)])"
2014-01-31 02:32:44 +0000,"OrderedDict([('pass', 1)])"
2014-02-01 02:22:35 +0000,"OrderedDict([('pass', 1)])"
2014-02-02 02:22:29 +0000,"OrderedDict([('pass', 1)])"
2014-02-03 02:22:15 +0000,"OrderedDict([('pass', 1)])"
2014-02-04 02:34:23 +0000,"OrderedDict([('pass', 1)])"
2014-02-05 02:23:50 +0000,"OrderedDict([('pass', 1)])"
2014-02-06 02:23:50 +0000,"OrderedDict([('pass', 1)])"
2014-02-07 02:22:38 +0000,"OrderedDict([('pass', 1)])"
2014-02-08 02:19:58 +0000,"OrderedDict([('pass', 1)])"
2014-02-09 02:14:32 +0000,"OrderedDict([('pass', 1)])"
2014-02-10 02:20:55 +0000,"OrderedDict([('pass', 1)])"
2014-02-11 02:25:28 +0000,"OrderedDict([('pass', 1)])"
2014-02-12 02:21:54 +0000,"OrderedDict([('pass', 1)])"
2014-02-13 02:26:51 +0000,"OrderedDict([('pass', 1)])"
2014-02-14 02:21:14 +0000,"OrderedDict([('pass', 1)])"
2014-02-15 02:17:54 +0000,"OrderedDict([('pass', 1)])"
2014-02-16 02:19:40 +0000,"OrderedDict([('pass', 1)])"
2014-02-17 02:19:50 +0000,"OrderedDict([('pass', 1)])"
2014-02-18 02:17:59 +0000,"OrderedDict([('pass', 1)])"
2014-02-19 02:17:50 +0000,"OrderedDict([('pass', 1)])"
2014-02-20 02:17:17 +0000,"OrderedDict([('pass', 1)])"
2014-02-21 02:23:49 +0000,"OrderedDict([('pass', 1)])"
2014-02-22 02:22:10 +0000,"OrderedDict([('pass', 1)])"
2014-02-23 02:26:46 +0000,"OrderedDict([('pass', 1)])"
2014-02-24 02:22:52 +0000,"OrderedDict([('pass', 1)])"
2014-02-25 02:21:02 +0000,"OrderedDict([('pass', 1)])"
2014-02-26 02:29:21 +0000,"OrderedDict([('pass', 1)])"
2014-02-27 02:34:26 +0000,"OrderedDict([('pass', 1)])"
2014-02-28 02:33:32 +0000,"OrderedDict([('pass', 1)])"
2014-03-01 02:29:31 +0000,"OrderedDict([('pass', 1)])"
2014-03-02 02:27:03 +0000,"OrderedDict([('pass', 1)])"
2014-03-03 02:44:38 +0000,"OrderedDict([('pass', 1)])"
2014-03-04 02:25:32 +0000,"OrderedDict([('pass', 1)])"
2014-03-05 02:29:58 +0000,"OrderedDict([('pass', 1)])"
2014-03-06 02:31:45 +0000,"OrderedDict([('pass', 1)])"
2014-03-07 02:29:18 +0000,"OrderedDict([('pass', 1)])"
2014-03-08 02:24:15 +0000,"OrderedDict([('pass', 1)])"
2014-03-09 02:31:12 +0000,"OrderedDict([('pass', 1)])"
2014-03-10 02:27:04 +0000,"OrderedDict([('pass', 1)])"
2014-03-11 02:29:47 +0000,"OrderedDict([('pass', 1)])"
2014-03-12 02:26:49 +0000,"OrderedDict([('pass', 1)])"
2014-03-13 02:25:06 +0000,"OrderedDict([('pass', 1)])"
2014-03-14 02:29:40 +0000,"OrderedDict([('pass', 1)])"
2014-03-15 02:35:19 +0000,"OrderedDict([('pass', 1)])"
2014-03-16 02:33:30 +0000,"OrderedDict([('pass', 1)])"
2014-03-17 02:36:43 +0000,"OrderedDict([('pass', 1)])"
2014-03-18 02:34:14 +0000,"OrderedDict([('pass', 1)])"
2014-03-19 02:28:56 +0000,"OrderedDict([('pass', 1)])"
2014-03-20 02:27:37 +0000,"OrderedDict([('pass', 1)])"
2014-03-21 02:28:59 +0000,"OrderedDict([('pass', 1)])"
2014-03-22 02:23:55 +0000,"OrderedDict([('pass', 1)])"
2014-03-23 02:44:03 +0000,"OrderedDict([('pass', 1)])"
2014-03-24 02:42:23 +0000,"OrderedDict([('pass', 1)])"
2014-03-25 02:28:46 +0000,"OrderedDict([('pass', 1)])"
2014-03-26 02:32:32 +0000,"OrderedDict([('pass', 1)])"
2014-03-27 02:33:42 +0000,"OrderedDict([('pass', 1)])"
2014-03-28 02:26:32 +0000,"OrderedDict([('pass', 1)])"
2014-03-29 14:16:02 +0000,"OrderedDict([('pass', 1)])"
2014-03-30 03:28:39 +0100,"OrderedDict([('pass', 1)])"
2014-03-31 02:29:42 +0100,"OrderedDict([('pass', 1)])"
2014-04-01 02:27:17 +0100,"OrderedDict([('pass', 1)])"
2014-04-02 02:29:08 +0100,"OrderedDict([('pass', 1)])"
2014-04-03 02:28:29 +0100,"OrderedDict([('pass', 1)])"
2014-04-04 02:29:57 +0100,"OrderedDict([('pass', 1)])"
2014-04-08 02:46:31 +0100,"OrderedDict([('pass', 1)])"
2014-04-09 02:36:44 +0100,"OrderedDict([('pass', 1)])"
2014-04-10 02:32:11 +0100,"OrderedDict([('pass', 1)])"
2014-04-11 03:57:01 +0100,"OrderedDict([('pass', 1)])"
2014-04-12 02:28:21 +0100,"OrderedDict([('pass', 1)])"
2014-04-13 02:33:56 +0100,"OrderedDict([('pass', 1)])"
2014-04-14 02:33:30 +0100,"OrderedDict([('pass', 1)])"
2014-04-15 02:31:44 +0100,"OrderedDict([('pass', 1)])"
2014-04-16 02:40:52 +0100,"OrderedDict([('pass', 1)])"
2014-04-17 02:32:11 +0100,"OrderedDict([('pass', 1)])"
2014-04-18 02:34:14 +0100,"OrderedDict([('pass', 1)])"
2014-04-19 02:36:10 +0100,"OrderedDict([('pass', 1)])"
2014-04-20 02:32:54 +0100,"OrderedDict([('pass', 1)])"
2014-04-21 02:37:03 +0100,"OrderedDict([('pass', 1)])"
2014-04-22 02:37:55 +0100,"OrderedDict([('pass', 1)])"
2014-04-23 04:02:54 +0100,"OrderedDict([('pass', 1)])"
2014-04-24 02:39:03 +0100,"OrderedDict([('pass', 1)])"
2014-04-25 02:39:31 +0100,"OrderedDict([('pass', 1)])"
2014-04-26 02:42:56 +0100,"OrderedDict([('pass', 1)])"
2014-04-27 02:29:16 +0100,"OrderedDict([('pass', 1)])"
2014-04-28 02:30:50 +0100,"OrderedDict([('pass', 1)])"
2014-04-29 02:45:35 +0100,"OrderedDict([('pass', 1)])"
2014-04-30 02:37:46 +0100,"OrderedDict([('pass', 1)])"
2014-05-01 02:34:44 +0100,"OrderedDict([('pass', 1)])"
2014-05-02 02:40:09 +0100,"OrderedDict([('pass', 1)])"
2014-05-03 02:28:30 +0100,"OrderedDict([('pass', 1)])"
2014-05-04 02:32:23 +0100,"OrderedDict([('pass', 1)])"
2014-05-05 02:40:28 +0100,"OrderedDict([('pass', 1)])"
2014-05-06 02:43:49 +0100,"OrderedDict([('pass', 1)])"
2014-05-07 02:41:17 +0100,"OrderedDict([('pass', 1)])"
2014-05-08 02:37:50 +0100,"OrderedDict([('pass', 1)])"
2014-05-09 02:47:07 +0100,"OrderedDict([('pass', 1)])"
2014-05-10 02:37:52 +0100,"OrderedDict([('pass', 1)])"
2014-05-11 02:37:42 +0100,"OrderedDict([('pass', 1)])"
2014-05-12 02:38:38 +0100,"OrderedDict([('pass', 1)])"
2014-05-13 02:36:47 +0100,"OrderedDict([('pass', 1)])"
2014-05-14 02:39:16 +0100,"OrderedDict([('pass', 1)])"
2014-05-15 02:36:06 +0100,"OrderedDict([('pass', 1)])"
2014-05-16 02:47:36 +0100,"OrderedDict([('pass', 1)])"
2014-05-17 03:04:38 +0100,"OrderedDict([('pass', 1)])"
2014-05-18 02:33:13 +0100,"OrderedDict([('pass', 1)])"
2014-05-19 02:40:32 +0100,"OrderedDict([('pass', 1)])"
2014-05-20 03:03:44 +0100,"OrderedDict([('pass', 1)])"
2014-05-21 02:38:40 +0100,"OrderedDict([('pass', 1)])"
2014-05-22 02:41:01 +0100,"OrderedDict([('pass', 1)])"
2014-05-23 02:36:18 +0100,"OrderedDict([('pass', 1)])"
2014-05-24 02:41:54 +0100,"OrderedDict([('pass', 1)])"
2014-05-25 02:39:44 +0100,"OrderedDict([('pass', 1)])"
2014-05-26 02:40:23 +0100,"OrderedDict([('pass', 1)])"
2014-05-27 02:51:58 +0100,"OrderedDict([('pass', 1)])"
2014-05-28 02:41:32 +0100,"OrderedDict([('pass', 1)])"
2014-05-29 02:41:37 +0100,"OrderedDict([('pass', 1)])"
2014-05-30 02:40:04 +0100,"OrderedDict([('pass', 1)])"
2014-05-31 02:44:16 +0100,"OrderedDict([('pass', 1)])"
2014-06-01 02:38:21 +0100,"OrderedDict([('pass', 1)])"
2014-06-02 02:37:23 +0100,"OrderedDict([('pass', 1)])"
2014-06-03 02:37:31 +0100,"OrderedDict([('pass', 1)])"
2014-06-04 02:38:24 +0100,"OrderedDict([('pass', 1)])"
2014-06-05 02:35:42 +0100,"OrderedDict([('pass', 1)])"
2014-06-06 02:38:04 +0100,"OrderedDict([('pass', 1)])"
2014-06-07 02:37:35 +0100,"OrderedDict([('pass', 1)])"
2014-06-08 02:41:40 +0100,"OrderedDict([('pass', 1)])"
2014-06-09 02:45:27 +0100,"OrderedDict([('pass', 1)])"
2014-06-10 02:39:36 +0100,"OrderedDict([('pass', 1)])"
2014-06-11 02:48:24 +0100,"OrderedDict([('pass', 1)])"
2014-06-12 02:43:23 +0100,"OrderedDict([('pass', 1)])"
2014-06-13 02:43:44 +0100,"OrderedDict([('pass', 1)])"
2014-06-14 02:41:52 +0100,"OrderedDict([('pass', 1)])"
2014-06-15 02:48:58 +0100,"OrderedDict([('pass', 1)])"
2014-06-16 02:43:03 +0100,"OrderedDict([('pass', 1)])"
2014-06-17 09:03:57 +0100,"OrderedDict([('pass', 1)])"
2014-06-18 02:45:02 +0100,"OrderedDict([('pass', 1)])"
2014-06-19 02:46:01 +0100,"OrderedDict([('pass', 1)])"
2014-06-20 02:38:39 +0100,"OrderedDict([('pass', 1)])"
2014-06-21 02:40:35 +0100,"OrderedDict([('pass', 1)])"
2014-06-22 02:35:54 +0100,"OrderedDict([('pass', 1)])"
2014-06-23 02:38:42 +0100,"OrderedDict([('pass', 1)])"
2014-06-24 02:36:37 +0100,"OrderedDict([('pass', 1)])"
2014-06-25 18:54:13 +0100,"OrderedDict([('pass', 1)])"
2014-06-26 03:23:52 +0100,"OrderedDict([('pass', 1)])"
2014-06-27 03:31:26 +0100,"OrderedDict([('pass', 1)])"
2014-06-28 03:28:14 +0100,"OrderedDict([('pass', 1)])"
2014-06-29 03:29:46 +0100,"OrderedDict([('pass', 1)])"
2014-06-30 03:18:23 +0100,"OrderedDict([('pass', 1)])"
2014-07-01 02:27:24 +0100,"OrderedDict([('pass', 1)])"
2014-07-02 02:39:01 +0100,"OrderedDict([('pass', 1)])"
2014-07-03 02:43:11 +0100,"OrderedDict([('pass', 1)])"
2014-07-04 03:17:39 +0100,"OrderedDict([('pass', 1)])"
2014-07-05 02:48:00 +0100,"OrderedDict([('pass', 1)])"
2014-07-06 02:44:42 +0100,"OrderedDict([('pass', 1)])"
2014-07-07 02:51:35 +0100,"OrderedDict([('pass', 1)])"
2014-07-08 03:02:12 +0100,"OrderedDict([('pass', 1)])"
2014-07-09 02:46:09 +0100,"OrderedDict([('pass', 1)])"
2014-07-10 02:51:15 +0100,"OrderedDict([('pass', 1)])"
2014-07-11 02:45:10 +0100,"OrderedDict([('pass', 1)])"
2014-07-12 02:43:23 +0100,"OrderedDict([('pass', 1)])"
2014-07-13 02:43:32 +0100,"OrderedDict([('pass', 1)])"
2014-07-14 02:47:00 +0100,"OrderedDict([('pass', 1)])"
2014-07-15 02:46:58 +0100,"OrderedDict([('pass', 1)])"
2014-07-16 02:42:16 +0100,"OrderedDict([('pass', 1)])"
2014-07-17 02:46:17 +0100,"OrderedDict([('pass', 1)])"
2014-07-18 02:44:15 +0100,"OrderedDict([('pass', 1)])"
2014-07-19 02:41:10 +0100,"OrderedDict([('pass', 1)])"
2014-07-20 02:39:41 +0100,"OrderedDict([('pass', 1)])"
2014-07-21 02:48:36 +0100,"OrderedDict([('pass', 1)])"
2014-07-22 02:51:59 +0100,"OrderedDict([('pass', 1)])"
2014-07-23 02:44:13 +0100,"OrderedDict([('pass', 1)])"
2014-07-24 02:44:25 +0100,"OrderedDict([('pass', 1)])"
2014-07-25 02:41:15 +0100,"OrderedDict([('pass', 1)])"
2014-07-26 02:39:35 +0100,"OrderedDict([('pass', 1)])"
2014-07-27 02:33:02 +0100,"OrderedDict([('pass', 1)])"
2014-07-28 02:39:50 +0100,"OrderedDict([('pass', 1)])"
2014-07-29 02:39:37 +0100,"OrderedDict([('pass', 1)])"
2014-07-30 02:44:11 +0100,"OrderedDict([('pass', 1)])"
2014-07-31 02:37:16 +0100,"OrderedDict([('pass', 1)])"
2014-08-01 02:45:26 +0100,"OrderedDict([('pass', 1)])"
2014-08-02 02:34:49 +0100,"OrderedDict([('pass', 1)])"
2014-08-03 03:05:19 +0100,"OrderedDict([('pass', 1)])"
2014-08-04 02:45:32 +0100,"OrderedDict([('pass', 1)])"
2014-08-05 02:45:33 +0100,"OrderedDict([('pass', 1)])"
2014-08-06 02:43:20 +0100,"OrderedDict([('pass', 1)])"
2014-08-07 02:41:52 +0100,"OrderedDict([('pass', 1)])"
2014-08-08 02:43:24 +0100,"OrderedDict([('pass', 1)])"
2014-08-09 02:35:17 +0100,"OrderedDict([('pass', 1)])"
2014-08-10 02:37:17 +0100,"OrderedDict([('pass', 1)])"
2014-08-11 02:49:09 +0100,"OrderedDict([('pass', 1)])"
2014-08-12 02:36:56 +0100,"OrderedDict([('pass', 1)])"
2014-08-13 02:41:52 +0100,"OrderedDict([('pass', 1)])"
2014-08-14 02:39:20 +0100,"OrderedDict([('pass', 1)])"
2014-08-15 02:40:32 +0100,"OrderedDict([('pass', 1)])"
2014-08-16 02:39:22 +0100,"OrderedDict([('pass', 1)])"
2014-08-17 02:37:23 +0100,"OrderedDict([('pass', 1)])"
2014-08-18 02:40:14 +0100,"OrderedDict([('pass', 1)])"
2014-08-19 02:41:31 +0100,"OrderedDict([('pass', 1)])"
2014-08-20 02:41:02 +0100,"OrderedDict([('pass', 1)])"
2014-08-21 02:46:25 +0100,"OrderedDict([('pass', 1)])"
2014-08-22 02:42:42 +0100,"OrderedDict([('pass', 1)])"
2014-08-23 02:49:08 +0100,"OrderedDict([('pass', 1)])"
2014-08-24 02:41:34 +0100,"OrderedDict([('pass', 1)])"
2014-08-25 02:44:26 +0100,"OrderedDict([('pass', 1)])"
2014-08-26 02:45:33 +0100,"OrderedDict([('pass', 1)])"
2014-08-27 02:47:23 +0100,"OrderedDict([('pass', 1)])"
2014-08-28 02:45:45 +0100,"OrderedDict([('pass', 1)])"
2014-08-29 02:52:17 +0100,"OrderedDict([('pass', 1)])"
2014-08-30 02:41:53 +0100,"OrderedDict([('pass', 1)])"
2014-08-31 02:41:54 +0100,"OrderedDict([('pass', 1)])"
2014-09-01 02:41:45 +0100,"OrderedDict([('pass', 1)])"
2014-09-02 02:56:38 +0100,"OrderedDict([('pass', 1)])"
2014-09-03 02:53:41 +0100,"OrderedDict([('pass', 1)])"
2014-09-04 03:09:09 +0100,"OrderedDict([('pass', 1)])"
2014-09-05 02:53:14 +0100,"OrderedDict([('pass', 1)])"
2014-09-06 02:45:18 +0100,"OrderedDict([('pass', 1)])"
2014-09-07 02:42:16 +0100,"OrderedDict([('pass', 1)])"
2014-09-08 03:37:13 +0100,"OrderedDict([('pass', 1)])"
2014-09-09 02:50:39 +0100,"OrderedDict([('pass', 1)])"
2014-09-10 02:53:39 +0100,"OrderedDict([('pass', 1)])"
2014-09-11 03:39:38 +0100,"OrderedDict([('pass', 1)])"
2014-09-12 02:44:06 +0100,"OrderedDict([('pass', 1)])"
2014-09-13 02:45:19 +0100,"OrderedDict([('pass', 1)])"
2014-09-14 02:46:09 +0100,"OrderedDict([('pass', 1)])"
2014-09-15 02:51:21 +0100,"OrderedDict([('pass', 1)])"
2014-09-16 02:51:21 +0100,"OrderedDict([('pass', 1)])"
2014-09-17 02:50:45 +0100,"OrderedDict([('pass', 1)])"
2014-09-18 02:52:25 +0100,"OrderedDict([('pass', 1)])"
2014-09-19 02:50:21 +0100,"OrderedDict([('pass', 1)])"
2014-09-20 02:42:56 +0100,"OrderedDict([('pass', 1)])"
2014-09-21 02:40:59 +0100,"OrderedDict([('pass', 1)])"
2014-09-22 02:50:35 +0100,"OrderedDict([('pass', 1)])"
2014-09-23 02:41:41 +0100,"OrderedDict([('pass', 1)])"
2014-09-24 02:44:22 +0100,"OrderedDict([('pass', 1)])"
2014-09-25 02:55:33 +0100,"OrderedDict([('pass', 1)])"
2014-09-26 02:52:05 +0100,"OrderedDict([('pass', 1)])"
2014-09-27 02:42:14 +0100,"OrderedDict([('pass', 1)])"
2014-09-28 02:39:29 +0100,"OrderedDict([('pass', 1)])"
2014-09-29 02:49:32 +0100,"OrderedDict([('pass', 1)])"
2014-09-30 02:55:10 +0100,"OrderedDict([('pass', 1)])"
2014-10-01 02:49:49 +0100,"OrderedDict([('pass', 1)])"
2014-10-02 02:41:17 +0100,"OrderedDict([('pass', 1)])"
2014-10-03 02:49:54 +0100,"OrderedDict([('pass', 1)])"
2014-10-04 02:39:51 +0100,"OrderedDict([('pass', 1)])"
2014-10-05 02:39:01 +0100,"OrderedDict([('pass', 1)])"
2014-10-06 02:54:09 +0100,"OrderedDict([('pass', 1)])"
2014-10-07 02:55:15 +0100,"OrderedDict([('pass', 1)])"
2014-10-08 02:37:06 +0100,"OrderedDict([('pass', 1)])"
2014-10-09 02:44:53 +0100,"OrderedDict([('pass', 1)])"
2014-10-10 02:41:25 +0100,"OrderedDict([('pass', 1)])"
2014-10-11 02:51:31 +0100,"OrderedDict([('pass', 1)])"
2014-10-12 02:32:17 +0100,"OrderedDict([('pass', 1)])"
2014-10-13 02:35:14 +0100,"OrderedDict([('pass', 1)])"
2014-10-14 02:42:31 +0100,"OrderedDict([('pass', 1)])"
2014-10-15 03:01:00 +0100,"OrderedDict([('pass', 1)])"
2014-10-16 02:39:19 +0100,"OrderedDict([('pass', 1)])"
2014-10-17 02:44:57 +0100,"OrderedDict([('pass', 1)])"
2014-10-18 02:44:18 +0100,"OrderedDict([('pass', 1)])"
2014-10-19 02:35:20 +0100,"OrderedDict([('pass', 1)])"
2014-10-20 02:38:03 +0100,"OrderedDict([('pass', 1)])"
2014-10-21 02:39:54 +0100,"OrderedDict([('pass', 1)])"
2014-10-22 03:00:57 +0100,"OrderedDict([('pass', 1)])"
2014-10-23 02:37:10 +0100,"OrderedDict([('pass', 1)])"
2014-10-25 02:32:51 +0100,"OrderedDict([('pass', 1)])"
2014-10-26 01:30:24 +0000,"OrderedDict([('pass', 1)])"
2014-10-27 02:54:13 +0000,"OrderedDict([('pass', 1)])"
2014-10-28 02:35:31 +0000,OrderedDict()
2014-10-29 03:06:57 +0000,"OrderedDict([('pass', 1)])"
2014-10-30 02:47:36 +0000,"OrderedDict([('pass', 1)])"
2014-10-31 02:36:06 +0000,"OrderedDict([('pass', 1)])"
2014-11-01 02:28:50 +0000,"OrderedDict([('pass', 1)])"
2014-11-02 02:28:48 +0000,"OrderedDict([('pass', 1)])"
2014-11-03 02:32:02 +0000,"OrderedDict([('pass', 1)])"
2014-11-04 02:35:06 +0000,"OrderedDict([('pass', 1)])"
2014-11-05 02:49:43 +0000,"OrderedDict([('pass', 1)])"
2014-11-06 02:58:43 +0000,"OrderedDict([('pass', 1)])"
2014-11-07 02:45:22 +0000,"OrderedDict([('pass', 1)])"
2014-11-08 02:32:13 +0000,"OrderedDict([('pass', 1)])"
2014-11-09 02:29:46 +0000,"OrderedDict([('pass', 1)])"
2014-11-10 02:36:49 +0000,"OrderedDict([('pass', 1)])"
2014-11-11 02:39:57 +0000,"OrderedDict([('pass', 1)])"
2014-11-12 02:39:23 +0000,"OrderedDict([('pass', 1)])"
2014-11-13 02:43:39 +0000,"OrderedDict([('pass', 1)])"
2014-11-14 02:36:10 +0000,"OrderedDict([('pass', 1)])"
2014-11-15 02:30:19 +0000,"OrderedDict([('pass', 1)])"
2014-11-16 02:31:03 +0000,"OrderedDict([('pass', 1)])"
2014-11-17 02:44:07 +0000,"OrderedDict([('pass', 1)])"
2014-11-18 02:40:33 +0000,"OrderedDict([('pass', 1)])"
2014-11-19 02:46:01 +0000,"OrderedDict([('pass', 1)])"
2014-11-20 02:43:56 +0000,"OrderedDict([('pass', 1)])"
2014-11-21 02:34:50 +0000,"OrderedDict([('pass', 1)])"
2014-11-22 02:32:51 +0000,"OrderedDict([('pass', 1)])"
2014-11-23 02:36:45 +0000,"OrderedDict([('pass', 1)])"
2014-11-24 02:27:24 +0000,"OrderedDict([('pass', 1)])"
2014-11-25 02:39:42 +0000,"OrderedDict([('pass', 1)])"
2014-11-26 02:51:07 +0000,"OrderedDict([('pass', 1)])"
2014-11-27 02:37:04 +0000,"OrderedDict([('pass', 1)])"
2014-11-28 02:34:52 +0000,"OrderedDict([('pass', 1)])"
2014-11-29 02:30:27 +0000,"OrderedDict([('pass', 1)])"
2014-11-30 02:32:57 +0000,"OrderedDict([('pass', 1)])"
2014-12-01 03:23:50 +0000,"OrderedDict([('pass', 1)])"
2014-12-02 02:35:18 +0000,"OrderedDict([('pass', 1)])"
2014-12-03 02:37:48 +0000,"OrderedDict([('pass', 1)])"
2014-12-04 02:39:05 +0000,"OrderedDict([('pass', 1)])"
2014-12-05 02:39:00 +0000,"OrderedDict([('pass', 1)])"
2014-12-06 02:32:23 +0000,"OrderedDict([('pass', 1)])"
2014-12-07 02:28:06 +0000,"OrderedDict([('pass', 1)])"
2014-12-08 02:44:28 +0000,"OrderedDict([('pass', 1)])"
2014-12-09 02:39:34 +0000,"OrderedDict([('pass', 1)])"
2014-12-11 03:14:35 +0000,"OrderedDict([('pass', 1)])"
2014-12-16 20:52:04 +0000,"OrderedDict([('pass', 1)])"
2014-12-17 13:32:22 +0000,"OrderedDict([('pass', 1)])"
2014-12-18 02:17:19 +0000,"OrderedDict([('pass', 1)])"
2014-12-19 02:43:05 +0000,"OrderedDict([('pass', 1)])"
2014-12-20 02:31:59 +0000,"OrderedDict([('pass', 1)])"
2014-12-21 02:08:34 +0000,"OrderedDict([('pass', 1)])"
2014-12-22 02:09:19 +0000,"OrderedDict([('pass', 1)])"
2014-12-23 02:08:53 +0000,"OrderedDict([('pass', 1)])"
2014-12-24 02:12:21 +0000,"OrderedDict([('pass', 1)])"
2014-12-25 06:47:47 +0000,"OrderedDict([('pass', 1)])"
2014-12-26 02:17:30 +0000,"OrderedDict([('pass', 1)])"
2014-12-27 02:12:03 +0000,"OrderedDict([('pass', 1)])"
2014-12-28 02:11:49 +0000,"OrderedDict([('pass', 1)])"
2014-12-29 02:08:04 +0000,"OrderedDict([('pass', 1)])"
2014-12-30 02:11:03 +0000,"OrderedDict([('pass', 1)])"
2014-12-31 02:24:22 +0000,"OrderedDict([('pass', 1)])"
2015-01-01 02:06:34 +0000,"OrderedDict([('pass', 1)])"
2015-01-02 02:06:32 +0000,"OrderedDict([('pass', 1)])"
2015-01-03 02:12:22 +0000,"OrderedDict([('pass', 1)])"
2015-01-04 02:09:42 +0000,"OrderedDict([('pass', 1)])"
2015-01-05 02:14:23 +0000,"OrderedDict([('pass', 1)])"
2015-01-06 02:25:53 +0000,"OrderedDict([('pass', 1)])"
2015-01-07 02:24:04 +0000,"OrderedDict([('pass', 1)])"
2015-01-08 02:15:51 +0000,"OrderedDict([('pass', 1)])"
2015-01-09 02:19:20 +0000,"OrderedDict([('pass', 1)])"
2015-01-10 02:08:34 +0000,"OrderedDict([('pass', 1)])"
2015-01-11 02:10:14 +0000,"OrderedDict([('pass', 1)])"
2015-01-12 02:09:15 +0000,"OrderedDict([('pass', 1)])"
2015-01-13 02:26:54 +0000,"OrderedDict([('pass', 1)])"
2015-01-14 02:25:05 +0000,"OrderedDict([('pass', 1)])"
2015-01-15 02:17:41 +0000,"OrderedDict([('pass', 1)])"
2015-01-16 02:45:10 +0000,"OrderedDict([('pass', 1)])"
2015-01-17 02:23:33 +0000,"OrderedDict([('pass', 1)])"
2015-01-18 02:24:16 +0000,"OrderedDict([('pass', 1)])"
2015-01-19 02:28:33 +0000,"OrderedDict([('pass', 1)])"
2015-01-20 02:29:20 +0000,"OrderedDict([('pass', 1)])"
2015-01-21 02:29:20 +0000,"OrderedDict([('pass', 1)])"
2015-01-22 02:24:08 +0000,"OrderedDict([('pass', 1)])"
2015-01-23 02:28:52 +0000,"OrderedDict([('pass', 1)])"
2015-01-24 02:21:55 +0000,"OrderedDict([('pass', 1)])"
2015-01-25 02:19:33 +0000,"OrderedDict([('pass', 1)])"
2015-01-26 02:23:29 +0000,"OrderedDict([('pass', 1)])"
2015-01-27 02:39:09 +0000,"OrderedDict([('pass', 1)])"
2015-01-28 02:31:51 +0000,"OrderedDict([('pass', 1)])"
2015-01-29 02:35:26 +0000,"OrderedDict([('pass', 1)])"
2015-01-30 04:38:45 +0000,"OrderedDict([('pass', 1)])"
2015-01-31 02:20:09 +0000,"OrderedDict([('pass', 1)])"
2015-02-01 02:18:26 +0000,"OrderedDict([('pass', 1)])"
2015-02-02 02:23:17 +0000,"OrderedDict([('pass', 1)])"
2015-02-03 02:35:02 +0000,"OrderedDict([('pass', 1)])"
2015-02-04 02:22:32 +0000,"OrderedDict([('pass', 1)])"
2015-02-05 02:23:09 +0000,"OrderedDict([('pass', 1)])"
2015-02-06 02:22:13 +0000,"OrderedDict([('pass', 1)])"
2015-02-07 02:06:23 +0000,"OrderedDict([('pass', 1)])"
2015-02-08 02:03:34 +0000,"OrderedDict([('pass', 1)])"
2015-02-09 02:21:09 +0000,"OrderedDict([('pass', 1)])"
2015-02-10 02:35:33 +0000,"OrderedDict([('pass', 1)])"
2015-02-11 02:01:42 +0000,"OrderedDict([('pass', 1)])"
2015-02-12 03:08:40 +0000,"OrderedDict([('pass', 1)])"
2015-02-13 02:10:34 +0000,"OrderedDict([('pass', 1)])"
2015-02-14 02:06:14 +0000,"OrderedDict([('pass', 1)])"
2015-02-15 02:04:16 +0000,"OrderedDict([('pass', 1)])"
2015-02-16 02:23:09 +0000,"OrderedDict([('pass', 1)])"
2015-02-17 02:26:02 +0000,"OrderedDict([('pass', 1)])"
2015-02-18 02:32:52 +0000,"OrderedDict([('pass', 1)])"
2015-02-19 02:39:30 +0000,"OrderedDict([('pass', 1)])"
2015-02-20 02:35:54 +0000,"OrderedDict([('pass', 1)])"
2015-02-21 01:57:35 +0000,"OrderedDict([('pass', 1)])"
2015-02-22 02:01:19 +0000,"OrderedDict([('pass', 1)])"
2015-02-23 02:22:54 +0000,"OrderedDict([('pass', 1)])"
2015-02-24 02:26:12 +0000,"OrderedDict([('pass', 1)])"
2015-02-25 02:45:48 +0000,"OrderedDict([('pass', 1)])"
2015-02-26 02:50:08 +0000,"OrderedDict([('pass', 1)])"
2015-02-27 02:52:01 +0000,"OrderedDict([('pass', 1)])"
2015-02-28 02:06:18 +0000,"OrderedDict([('pass', 1)])"
2015-03-01 02:03:07 +0000,"OrderedDict([('pass', 1)])"
2015-03-02 02:33:12 +0000,"OrderedDict([('pass', 1)])"
2015-03-03 02:40:34 +0000,"OrderedDict([('pass', 1)])"
2015-03-04 02:51:31 +0000,"OrderedDict([('pass', 1)])"
2015-03-05 02:24:54 +0000,"OrderedDict([('pass', 1)])"
2015-03-06 02:17:43 +0000,"OrderedDict([('pass', 1)])"
2015-03-07 02:04:13 +0000,"OrderedDict([('pass', 1)])"
2015-03-08 01:55:32 +0000,"OrderedDict([('pass', 1)])"
2015-03-09 02:09:44 +0000,"OrderedDict([('pass', 1)])"
2015-03-10 02:18:54 +0000,"OrderedDict([('pass', 1)])"
2015-03-11 02:42:45 +0000,"OrderedDict([('pass', 1)])"
2015-03-12 02:09:27 +0000,"OrderedDict([('pass', 1)])"
2015-03-13 02:05:27 +0000,"OrderedDict([('pass', 1)])"
2015-03-14 02:03:51 +0000,"OrderedDict([('pass', 1)])"
2015-03-15 01:59:39 +0000,"OrderedDict([('pass', 1)])"
2015-03-16 02:17:22 +0000,"OrderedDict([('pass', 1)])"
2015-03-17 02:20:27 +0000,"OrderedDict([('pass', 1)])"
2015-03-19 03:36:54 +0000,"OrderedDict([('pass', 1)])"
2015-03-20 03:35:10 +0000,"OrderedDict([('pass', 1)])"
2015-03-21 03:21:30 +0000,"OrderedDict([('pass', 1)])"
2015-03-22 03:25:15 +0000,"OrderedDict([('pass', 1)])"
2015-03-23 03:27:11 +0000,"OrderedDict([('pass', 1)])"
2015-03-24 03:33:32 +0000,"OrderedDict([('pass', 1)])"
2015-03-25 03:48:30 +0000,"OrderedDict([('pass', 1)])"
2015-03-26 03:34:05 +0000,"OrderedDict([('pass', 1)])"
2015-03-27 03:03:16 +0000,"OrderedDict([('pass', 1)])"
2015-03-28 02:00:21 +0000,"OrderedDict([('pass', 1)])"
2015-03-29 03:12:34 +0100,"OrderedDict([('pass', 1)])"
2015-03-30 01:55:25 +0100,"OrderedDict([('pass', 1)])"
2015-03-31 01:57:24 +0100,"OrderedDict([('pass', 1)])"
2015-04-01 02:03:38 +0100,"OrderedDict([('pass', 1)])"
2015-04-02 02:33:02 +0100,"OrderedDict([('pass', 1)])"
2015-04-04 02:04:53 +0100,"OrderedDict([('pass', 1)])"
2015-04-05 02:04:15 +0100,"OrderedDict([('pass', 1)])"
2015-04-06 02:11:59 +0100,"OrderedDict([('pass', 1)])"
2015-04-07 02:20:38 +0100,"OrderedDict([('pass', 1)])"
2015-04-09 04:17:07 +0100,"OrderedDict([('pass', 1)])"
2015-04-10 02:17:56 +0100,"OrderedDict([('pass', 1)])"
2015-04-11 01:56:19 +0100,"OrderedDict([('pass', 1)])"
2015-04-12 01:56:39 +0100,"OrderedDict([('pass', 1)])"
2015-04-13 02:05:13 +0100,"OrderedDict([('pass', 1)])"
2015-04-14 01:55:54 +0100,"OrderedDict([('pass', 1)])"
2015-04-15 05:34:15 +0100,"OrderedDict([('pass', 1)])"
2015-04-16 02:05:22 +0100,"OrderedDict([('pass', 1)])"
2015-04-17 02:03:04 +0100,"OrderedDict([('pass', 1)])"
2015-04-18 02:05:56 +0100,"OrderedDict([('pass', 1)])"
2015-04-19 02:01:18 +0100,"OrderedDict([('pass', 1)])"
2015-04-20 02:14:30 +0100,"OrderedDict([('pass', 1)])"
2015-04-21 02:01:51 +0100,"OrderedDict([('pass', 1)])"
2015-04-22 02:10:16 +0100,"OrderedDict([('pass', 1)])"
2015-04-23 02:07:43 +0100,"OrderedDict([('pass', 1)])"
2015-04-24 02:03:29 +0100,"OrderedDict([('pass', 1)])"
2015-04-25 02:00:02 +0100,"OrderedDict([('pass', 1)])"
2015-04-26 01:58:01 +0100,"OrderedDict([('pass', 1)])"
2015-04-27 02:05:16 +0100,"OrderedDict([('pass', 1)])"
2015-04-28 02:01:35 +0100,"OrderedDict([('pass', 1)])"
2015-04-29 01:58:17 +0100,"OrderedDict([('pass', 1)])"
2015-04-30 03:29:31 +0100,"OrderedDict([('pass', 1)])"
2015-05-01 03:18:05 +0100,"OrderedDict([('pass', 1)])"
2015-05-02 03:10:58 +0100,"OrderedDict([('pass', 1)])"
2015-05-03 03:03:28 +0100,"OrderedDict([('pass', 1)])"
2015-05-04 03:01:17 +0100,"OrderedDict([('pass', 1)])"
2015-05-05 02:34:24 +0100,"OrderedDict([('pass', 1)])"
2015-05-06 02:57:35 +0100,"OrderedDict([('pass', 1)])"
2015-05-07 03:24:56 +0100,"OrderedDict([('pass', 1)])"
2015-05-08 03:03:16 +0100,"OrderedDict([('pass', 1)])"
2015-05-09 03:24:00 +0100,"OrderedDict([('pass', 1)])"
2015-05-10 03:37:00 +0100,"OrderedDict([('pass', 1)])"
2015-05-11 03:24:21 +0100,"OrderedDict([('pass', 1)])"
2015-05-12 03:19:35 +0100,"OrderedDict([('pass', 1)])"
2015-05-13 03:34:42 +0100,"OrderedDict([('pass', 1)])"
2015-05-14 03:37:22 +0100,"OrderedDict([('pass', 1)])"
2015-05-15 03:19:50 +0100,"OrderedDict([('pass', 1)])"
2015-05-16 05:31:18 +0100,"OrderedDict([('pass', 1)])"
2015-05-17 03:27:38 +0100,"OrderedDict([('pass', 1)])"
2015-05-19 02:53:59 +0100,"OrderedDict([('pass', 1)])"
2015-05-20 02:58:38 +0100,"OrderedDict([('pass', 1)])"
2015-05-21 03:05:41 +0100,"OrderedDict([('pass', 1)])"
2015-05-22 04:51:32 +0100,"OrderedDict([('pass', 1)])"
2015-05-23 05:41:24 +0100,"OrderedDict([('pass', 1)])"
2015-05-24 03:12:56 +0100,"OrderedDict([('pass', 1)])"
2015-05-25 03:01:52 +0100,"OrderedDict([('pass', 1)])"
2015-05-26 03:13:00 +0100,"OrderedDict([('pass', 1)])"
2015-05-27 03:23:00 +0100,"OrderedDict([('pass', 1)])"
2015-05-28 03:26:26 +0100,"OrderedDict([('pass', 1)])"
2015-05-29 02:08:35 +0100,"OrderedDict([('pass', 1)])"
2015-05-30 02:01:59 +0100,"OrderedDict([('pass', 1)])"
2015-05-31 02:59:20 +0100,"OrderedDict([('pass', 1)])"
2015-06-01 02:24:26 +0100,"OrderedDict([('pass', 1)])"
2015-06-02 02:23:53 +0100,"OrderedDict([('pass', 1)])"
2015-06-03 02:16:29 +0100,"OrderedDict([('pass', 1)])"
2015-06-04 02:24:07 +0100,"OrderedDict([('pass', 1)])"
2015-06-05 02:01:21 +0100,"OrderedDict([('pass', 1)])"
2015-06-06 02:25:46 +0100,"OrderedDict([('pass', 1)])"
2015-06-07 03:07:41 +0100,"OrderedDict([('pass', 1)])"
2015-06-08 03:16:23 +0100,"OrderedDict([('pass', 1)])"
2015-06-09 02:21:29 +0100,"OrderedDict([('pass', 1)])"
2015-06-10 02:09:44 +0100,"OrderedDict([('pass', 1)])"
2015-06-11 02:06:29 +0100,"OrderedDict([('pass', 1)])"
2015-06-12 02:28:38 +0100,"OrderedDict([('pass', 1)])"
2015-06-13 02:11:49 +0100,"OrderedDict([('pass', 1)])"
2015-06-14 03:06:24 +0100,"OrderedDict([('pass', 1)])"
2015-06-15 03:23:28 +0100,"OrderedDict([('pass', 1)])"
2015-06-16 03:11:19 +0100,"OrderedDict([('pass', 1)])"
2015-06-17 02:46:34 +0100,"OrderedDict([('pass', 1)])"
2015-06-18 03:19:13 +0100,"OrderedDict([('pass', 1)])"
2015-06-19 02:09:05 +0100,"OrderedDict([('pass', 1)])"
2015-06-20 02:39:51 +0100,"OrderedDict([('pass', 1)])"
2015-06-21 03:12:24 +0100,"OrderedDict([('pass', 1)])"
2015-06-22 02:56:04 +0100,"OrderedDict([('pass', 1)])"
2015-06-23 03:07:29 +0100,"OrderedDict([('pass', 1)])"
2015-06-24 03:09:05 +0100,"OrderedDict([('pass', 1)])"
2015-06-25 03:15:04 +0100,"OrderedDict([('pass', 1)])"
2015-06-26 03:24:28 +0100,"OrderedDict([('pass', 1)])"
2015-06-27 02:39:42 +0100,"OrderedDict([('pass', 1)])"
2015-06-28 02:06:10 +0100,"OrderedDict([('pass', 1)])"
2015-06-29 03:03:02 +0100,"OrderedDict([('pass', 1)])"
2015-06-30 03:30:01 +0100,"OrderedDict([('pass', 1)])"
2015-07-01 03:29:44 +0100,"OrderedDict([('pass', 1)])"
2015-07-02 03:23:07 +0100,"OrderedDict([('pass', 1)])"
2015-07-03 03:53:39 +0100,"OrderedDict([('pass', 1)])"
2015-07-04 03:24:21 +0100,"OrderedDict([('pass', 1)])"
2015-07-05 03:50:22 +0100,"OrderedDict([('pass', 1)])"
2015-07-06 03:28:49 +0100,"OrderedDict([('pass', 1)])"
2015-07-07 03:31:22 +0100,"OrderedDict([('pass', 1)])"
2015-07-08 03:32:52 +0100,"OrderedDict([('pass', 1)])"
2015-07-09 03:25:34 +0100,"OrderedDict([('pass', 1)])"
2015-07-10 03:21:23 +0100,"OrderedDict([('pass', 1)])"
2015-07-11 03:24:05 +0100,"OrderedDict([('pass', 1)])"
2015-07-12 03:25:10 +0100,"OrderedDict([('pass', 1)])"
2015-07-13 03:30:17 +0100,"OrderedDict([('pass', 1)])"
2015-07-14 03:34:45 +0100,"OrderedDict([('pass', 1)])"
2015-07-15 03:32:38 +0100,"OrderedDict([('pass', 1)])"
2015-07-16 03:34:37 +0100,"OrderedDict([('pass', 1)])"
2015-07-17 03:33:18 +0100,"OrderedDict([('pass', 1)])"
2015-07-18 03:32:48 +0100,"OrderedDict([('pass', 1)])"
2015-07-19 04:10:19 +0100,"OrderedDict([('pass', 1)])"
2015-07-20 03:37:49 +0100,"OrderedDict([('pass', 1)])"
2015-07-21 03:28:07 +0100,"OrderedDict([('pass', 1)])"
2015-07-22 03:00:32 +0100,"OrderedDict([('pass', 1)])"
2015-07-23 03:27:22 +0100,"OrderedDict([('pass', 1)])"
2015-07-24 03:40:51 +0100,"OrderedDict([('pass', 1)])"
2015-07-25 03:34:29 +0100,"OrderedDict([('pass', 1)])"
2015-07-26 04:36:23 +0100,"OrderedDict([('pass', 1)])"
2015-07-27 03:38:45 +0100,"OrderedDict([('pass', 1)])"
2015-07-28 03:26:37 +0100,"OrderedDict([('pass', 1)])"
2015-07-29 03:38:54 +0100,"OrderedDict([('pass', 1)])"
2015-07-30 03:32:40 +0100,"OrderedDict([('pass', 1)])"
2015-07-31 03:33:25 +0100,"OrderedDict([('pass', 1)])"
2015-08-01 03:18:01 +0100,"OrderedDict([('pass', 1)])"
2015-08-02 03:11:35 +0100,"OrderedDict([('pass', 1)])"
2015-08-03 03:07:58 +0100,"OrderedDict([('pass', 1)])"
2015-08-04 02:18:55 +0100,"OrderedDict([('pass', 1)])"
2015-08-05 02:42:41 +0100,"OrderedDict([('pass', 1)])"
2015-08-06 02:40:21 +0100,"OrderedDict([('pass', 1)])"
2015-08-07 02:20:27 +0100,"OrderedDict([('pass', 1)])"
2015-08-08 05:07:13 +0100,"OrderedDict([('pass', 1)])"
2015-08-09 05:40:14 +0100,"OrderedDict([('pass', 1)])"
2015-08-10 05:33:37 +0100,"OrderedDict([('pass', 1)])"
2015-08-11 06:07:44 +0100,"OrderedDict([('pass', 1)])"
2015-08-12 02:22:25 +0100,"OrderedDict([('pass', 1)])"
2015-08-13 02:19:06 +0100,"OrderedDict([('pass', 1)])"
2015-08-14 02:49:46 +0100,"OrderedDict([('pass', 1)])"
2015-08-15 02:59:06 +0100,"OrderedDict([('pass', 1)])"
2015-08-16 00:11:23 +0100,"OrderedDict([('pass', 1)])"
2015-08-19 03:03:53 +0100,"OrderedDict([('pass', 1)])"
2015-08-20 03:30:49 +0100,"OrderedDict([('pass', 1)])"
2015-08-21 02:07:30 +0100,"OrderedDict([('pass', 1)])"
2015-08-22 02:33:32 +0100,"OrderedDict([('pass', 1)])"
2015-08-23 03:14:15 +0100,"OrderedDict([('pass', 1)])"
2015-08-24 02:59:24 +0100,"OrderedDict([('pass', 1)])"
2015-08-25 02:28:16 +0100,"OrderedDict([('pass', 1)])"
2015-08-26 02:06:34 +0100,"OrderedDict([('pass', 1)])"
2015-08-27 03:01:23 +0100,"OrderedDict([('pass', 1)])"
2015-08-28 02:24:32 +0100,"OrderedDict([('pass', 1)])"
2015-08-29 03:33:40 +0100,"OrderedDict([('pass', 1)])"
2015-08-30 03:39:21 +0100,"OrderedDict([('pass', 1)])"
2015-08-31 03:40:35 +0100,"OrderedDict([('pass', 1)])"
2015-09-01 03:03:30 +0100,"OrderedDict([('pass', 1)])"
2015-09-02 03:09:47 +0100,"OrderedDict([('pass', 1)])"
2015-09-03 03:14:42 +0100,"OrderedDict([('pass', 1)])"
2015-09-04 02:27:54 +0100,"OrderedDict([('pass', 1)])"
2015-09-05 02:31:04 +0100,"OrderedDict([('pass', 1)])"
2015-09-06 02:38:54 +0100,"OrderedDict([('pass', 1)])"
2015-09-07 03:03:10 +0100,"OrderedDict([('pass', 1)])"
2015-09-08 03:32:53 +0100,"OrderedDict([('pass', 1)])"
2015-09-09 03:40:33 +0100,"OrderedDict([('pass', 1)])"
2015-09-10 03:35:34 +0100,"OrderedDict([('pass', 1)])"
2015-09-11 02:26:33 +0100,"OrderedDict([('pass', 1)])"
2015-09-12 03:27:11 +0100,"OrderedDict([('pass', 1)])"
2015-09-13 03:32:59 +0100,"OrderedDict([('pass', 1)])"
2015-09-14 03:33:06 +0100,"OrderedDict([('pass', 1)])"
2015-09-15 03:40:49 +0100,"OrderedDict([('pass', 1)])"
2015-09-16 03:37:32 +0100,"OrderedDict([('pass', 1)])"
2015-09-17 03:31:34 +0100,"OrderedDict([('pass', 1)])"
2015-09-18 03:43:15 +0100,"OrderedDict([('pass', 1)])"
2015-09-19 03:02:32 +0100,"OrderedDict([('pass', 1)])"
2015-09-20 02:46:41 +0100,"OrderedDict([('pass', 1)])"
2015-09-21 02:06:09 +0100,"OrderedDict([('pass', 1)])"
2015-09-22 02:02:36 +0100,"OrderedDict([('pass', 1)])"
2015-09-23 02:09:06 +0100,"OrderedDict([('pass', 1)])"
2015-09-24 02:05:22 +0100,"OrderedDict([('pass', 1)])"
2015-09-25 02:06:24 +0100,"OrderedDict([('pass', 1)])"
2015-09-26 02:05:07 +0100,"OrderedDict([('pass', 1)])"
2015-09-27 02:00:58 +0100,"OrderedDict([('pass', 1)])"
2015-09-28 02:12:28 +0100,"OrderedDict([('pass', 1)])"
2015-09-29 02:03:53 +0100,"OrderedDict([('pass', 1)])"
2015-09-30 02:03:36 +0100,"OrderedDict([('pass', 1)])"
2015-10-01 02:06:05 +0100,"OrderedDict([('pass', 1)])"
2015-10-02 02:08:30 +0100,"OrderedDict([('pass', 1)])"
2015-10-03 02:02:56 +0100,"OrderedDict([('pass', 1)])"
2015-10-04 02:53:02 +0100,"OrderedDict([('pass', 1)])"
2015-10-05 02:11:32 +0100,"OrderedDict([('pass', 1)])"
2015-10-06 02:16:33 +0100,"OrderedDict([('pass', 1)])"
2015-10-07 02:03:02 +0100,"OrderedDict([('pass', 1)])"
2015-10-08 02:26:47 +0100,"OrderedDict([('pass', 1)])"
2015-10-09 02:34:03 +0100,"OrderedDict([('pass', 1)])"
2015-10-10 02:02:25 +0100,"OrderedDict([('pass', 1)])"
2015-10-11 02:01:49 +0100,"OrderedDict([('pass', 1)])"
2015-10-12 02:16:25 +0100,"OrderedDict([('pass', 1)])"
2015-10-13 04:00:16 +0100,"OrderedDict([('pass', 1)])"
2015-10-14 02:14:16 +0100,"OrderedDict([('pass', 1)])"
2015-10-15 02:00:19 +0100,"OrderedDict([('pass', 1)])"
2015-10-16 02:07:26 +0100,"OrderedDict([('pass', 1)])"
2015-10-17 02:27:27 +0100,"OrderedDict([('pass', 1)])"
2015-10-18 02:06:37 +0100,"OrderedDict([('pass', 1)])"
2015-10-19 02:01:05 +0100,"OrderedDict([('pass', 1)])"
2015-10-20 02:26:33 +0100,"OrderedDict([('pass', 1)])"
2015-10-21 02:05:58 +0100,"OrderedDict([('pass', 1)])"
2015-10-22 02:13:37 +0100,"OrderedDict([('pass', 1)])"
2015-10-23 02:04:40 +0100,"OrderedDict([('pass', 1)])"
2015-10-24 02:05:01 +0100,"OrderedDict([('pass', 1)])"
2015-10-25 01:02:53 +0000,"OrderedDict([('pass', 1)])"
2015-10-26 02:08:33 +0000,"OrderedDict([('pass', 1)])"
2015-10-27 02:08:25 +0000,"OrderedDict([('pass', 1)])"
2015-10-28 02:04:35 +0000,"OrderedDict([('pass', 1)])"
2015-10-29 02:08:47 +0000,"OrderedDict([('pass', 1)])"
2015-10-30 02:07:07 +0000,"OrderedDict([('pass', 1)])"
2015-10-31 02:11:51 +0000,"OrderedDict([('pass', 1)])"
2015-11-01 02:10:23 +0000,"OrderedDict([('pass', 1)])"
2015-11-02 02:15:59 +0000,"OrderedDict([('pass', 1)])"
2015-11-03 02:19:13 +0000,"OrderedDict([('pass', 1)])"
2015-11-04 02:13:57 +0000,"OrderedDict([('pass', 1)])"
2015-11-05 02:21:31 +0000,"OrderedDict([('pass', 1)])"
2015-11-06 02:12:10 +0000,"OrderedDict([('pass', 1)])"
2015-11-07 02:33:37 +0000,"OrderedDict([('pass', 1)])"
2015-11-08 02:16:03 +0000,"OrderedDict([('pass', 1)])"
2015-11-09 02:10:27 +0000,"OrderedDict([('pass', 1)])"
2015-11-10 02:27:35 +0000,"OrderedDict([('pass', 1)])"
2015-11-11 02:19:39 +0000,"OrderedDict([('pass', 1)])"
2015-11-12 02:07:24 +0000,"OrderedDict([('pass', 1)])"
2015-11-13 02:06:01 +0000,"OrderedDict([('pass', 1)])"
2015-11-14 02:18:59 +0000,"OrderedDict([('pass', 1)])"
2015-11-15 02:06:40 +0000,"OrderedDict([('pass', 1)])"
2015-11-16 02:14:14 +0000,"OrderedDict([('pass', 1)])"
2015-11-17 02:07:51 +0000,"OrderedDict([('pass', 1)])"
2015-11-18 02:12:04 +0000,"OrderedDict([('pass', 1)])"
2015-11-19 02:05:20 +0000,"OrderedDict([('pass', 1)])"
2015-11-20 02:09:55 +0000,"OrderedDict([('pass', 1)])"
2015-11-21 02:07:29 +0000,"OrderedDict([('pass', 1)])"
2015-11-22 02:05:40 +0000,"OrderedDict([('pass', 1)])"
2015-11-23 02:14:45 +0000,"OrderedDict([('pass', 1)])"
2015-11-24 02:06:51 +0000,"OrderedDict([('pass', 1)])"
2015-11-25 02:09:28 +0000,"OrderedDict([('pass', 1)])"
2015-11-26 02:15:36 +0000,"OrderedDict([('pass', 1)])"
2015-11-27 02:08:46 +0000,"OrderedDict([('pass', 1)])"
2015-11-28 02:19:17 +0000,"OrderedDict([('pass', 1)])"
2015-11-29 02:16:08 +0000,"OrderedDict([('pass', 1)])"
2015-11-30 02:12:07 +0000,"OrderedDict([('pass', 1)])"
2015-12-01 02:11:49 +0000,"OrderedDict([('pass', 1)])"
2015-12-02 02:09:35 +0000,"OrderedDict([('pass', 1)])"
2015-12-03 02:33:16 +0000,"OrderedDict([('pass', 1)])"
2015-12-04 02:29:28 +0000,"OrderedDict([('pass', 1)])"
2015-12-05 02:09:41 +0000,"OrderedDict([('pass', 1)])"
2015-12-06 02:11:08 +0000,"OrderedDict([('pass', 1)])"
2015-12-07 02:09:16 +0000,"OrderedDict([('pass', 1)])"
2015-12-08 02:07:34 +0000,"OrderedDict([('pass', 1)])"
2015-12-09 02:18:44 +0000,"OrderedDict([('pass', 1)])"
2015-12-10 02:16:25 +0000,"OrderedDict([('pass', 1)])"
2015-12-11 02:25:48 +0000,"OrderedDict([('pass', 1)])"
2015-12-12 02:22:42 +0000,"OrderedDict([('pass', 1)])"
2015-12-13 02:11:23 +0000,"OrderedDict([('pass', 1)])"
2015-12-14 02:11:39 +0000,"OrderedDict([('pass', 1)])"
2015-12-15 02:13:41 +0000,"OrderedDict([('pass', 1)])"
2015-12-16 03:52:18 +0000,"OrderedDict([('pass', 1)])"
2015-12-17 02:41:15 +0000,"OrderedDict([('pass', 1)])"
2015-12-18 03:22:52 +0000,"OrderedDict([('pass', 1)])"
2015-12-19 02:17:19 +0000,"OrderedDict([('pass', 1)])"
2015-12-20 03:04:04 +0000,"OrderedDict([('pass', 1)])"
2015-12-21 02:38:08 +0000,"OrderedDict([('pass', 1)])"
2015-12-22 02:20:58 +0000,"OrderedDict([('pass', 1)])"
2015-12-23 02:21:55 +0000,"OrderedDict([('pass', 1)])"
2015-12-24 02:39:53 +0000,"OrderedDict([('pass', 1)])"
2015-12-25 02:12:00 +0000,"OrderedDict([('pass', 1)])"
2015-12-26 03:10:17 +0000,"OrderedDict([('pass', 1)])"
2015-12-27 02:34:50 +0000,"OrderedDict([('pass', 1)])"
2015-12-28 02:15:10 +0000,"OrderedDict([('pass', 1)])"
2015-12-29 02:23:46 +0000,"OrderedDict([('pass', 1)])"
2015-12-30 02:21:27 +0000,"OrderedDict([('pass', 1)])"
2016-01-09 02:19:06 +0000,"OrderedDict([('pass', 1)])"
2016-01-10 03:42:17 +0000,"OrderedDict([('pass', 1)])"
2016-01-11 03:42:37 +0000,"OrderedDict([('pass', 1)])"
2016-01-12 02:53:35 +0000,"OrderedDict([('pass', 1)])"
2016-01-13 02:21:27 +0000,"OrderedDict([('pass', 1)])"
2016-01-14 02:32:42 +0000,"OrderedDict([('pass', 1)])"
2016-01-15 02:35:40 +0000,"OrderedDict([('pass', 1)])"
2016-01-16 02:19:34 +0000,"OrderedDict([('pass', 1)])"
2016-01-17 02:21:38 +0000,"OrderedDict([('pass', 1)])"
2016-01-18 06:14:36 +0000,"OrderedDict([('pass', 1)])"
2016-01-19 02:34:15 +0000,"OrderedDict([('pass', 1)])"
2016-01-20 03:12:50 +0000,"OrderedDict([('pass', 1)])"
2016-01-21 02:21:52 +0000,"OrderedDict([('pass', 1)])"
2016-01-22 02:58:21 +0000,"OrderedDict([('pass', 1)])"
2016-01-23 02:12:19 +0000,"OrderedDict([('pass', 1)])"
2016-01-24 02:12:52 +0000,"OrderedDict([('pass', 1)])"
2016-01-25 02:20:31 +0000,"OrderedDict([('pass', 1)])"
2016-01-26 02:13:41 +0000,"OrderedDict([('pass', 1)])"
2016-01-27 03:49:34 +0000,"OrderedDict([('pass', 1)])"
2016-01-28 03:53:39 +0000,"OrderedDict([('pass', 1)])"
2016-01-29 03:46:44 +0000,"OrderedDict([('pass', 1)])"
2016-01-30 03:53:31 +0000,"OrderedDict([('pass', 1)])"
2016-01-31 04:03:38 +0000,"OrderedDict([('pass', 1)])"
2016-02-01 04:07:18 +0000,"OrderedDict([('pass', 1)])"
2016-02-02 04:15:40 +0000,"OrderedDict([('pass', 1)])"
2016-02-03 03:50:12 +0000,"OrderedDict([('pass', 1)])"
2016-02-04 03:59:25 +0000,"OrderedDict([('pass', 1)])"
2016-02-05 03:52:58 +0000,"OrderedDict([('pass', 1)])"
2016-02-06 04:02:39 +0000,"OrderedDict([('pass', 1)])"
2016-02-07 03:54:06 +0000,"OrderedDict([('pass', 1)])"
2016-02-08 04:06:58 +0000,"OrderedDict([('pass', 1)])"
2016-02-09 03:51:57 +0000,"OrderedDict([('pass', 1)])"
2016-02-10 04:00:45 +0000,"OrderedDict([('pass', 1)])"
2016-02-11 04:01:23 +0000,"OrderedDict([('pass', 1)])"
2016-02-12 04:15:30 +0000,"OrderedDict([('pass', 1)])"
2016-02-13 04:11:13 +0000,"OrderedDict([('pass', 1)])"
2016-02-14 03:53:30 +0000,"OrderedDict([('pass', 1)])"
2016-02-15 03:51:18 +0000,"OrderedDict([('pass', 1)])"
2016-02-16 04:06:19 +0000,"OrderedDict([('pass', 1)])"
2016-02-17 03:21:25 +0000,"OrderedDict([('pass', 1)])"
2016-02-18 03:57:17 +0000,"OrderedDict([('pass', 1)])"
2016-02-19 04:30:00 +0000,"OrderedDict([('pass', 1)])"
2016-02-20 02:51:05 +0000,"OrderedDict([('pass', 1)])"
2016-02-21 03:01:27 +0000,"OrderedDict([('pass', 1)])"
2016-02-22 02:53:25 +0000,"OrderedDict([('pass', 1)])"
2016-02-23 03:19:44 +0000,"OrderedDict([('pass', 1)])"
2016-02-24 04:20:38 +0000,"OrderedDict([('pass', 1)])"
2016-02-25 04:24:26 +0000,"OrderedDict([('pass', 1)])"
2016-02-26 03:08:08 +0000,"OrderedDict([('pass', 1)])"
2016-02-27 02:31:41 +0000,"OrderedDict([('pass', 1)])"
2016-02-28 04:15:34 +0000,"OrderedDict([('pass', 1)])"
2016-03-01 02:30:54 +0000,"OrderedDict([('pass', 1)])"
2016-03-02 04:27:42 +0000,"OrderedDict([('pass', 1)])"
2016-03-03 04:51:43 +0000,"OrderedDict([('pass', 1)])"
2016-03-04 02:24:09 +0000,"OrderedDict([('pass', 1)])"
2016-03-05 02:44:37 +0000,"OrderedDict([('pass', 1)])"
2016-03-06 03:11:42 +0000,"OrderedDict([('pass', 1)])"
2016-03-07 04:31:21 +0000,"OrderedDict([('pass', 1)])"
2016-03-08 03:08:42 +0000,"OrderedDict([('pass', 1)])"
2016-03-09 03:13:29 +0000,"OrderedDict([('pass', 1)])"
2016-03-10 02:14:47 +0000,"OrderedDict([('pass', 1)])"
2016-03-11 02:17:19 +0000,"OrderedDict([('pass', 1)])"
2016-03-12 02:36:30 +0000,"OrderedDict([('pass', 1)])"
2016-03-13 03:17:02 +0000,"OrderedDict([('pass', 1)])"
2016-03-14 04:36:09 +0000,"OrderedDict([('pass', 1)])"
2016-03-15 03:09:16 +0000,"OrderedDict([('pass', 1)])"
2016-03-16 03:08:27 +0000,"OrderedDict([('pass', 1)])"
2016-03-17 03:08:25 +0000,"OrderedDict([('pass', 1)])"
2016-03-18 04:40:37 +0000,"OrderedDict([('pass', 1)])"
2016-03-19 03:56:03 +0000,"OrderedDict([('pass', 1)])"
2016-03-20 02:45:53 +0000,"OrderedDict([('pass', 1)])"
2016-03-22 03:26:59 +0000,"OrderedDict([('pass', 1)])"
2016-03-23 04:07:31 +0000,"OrderedDict([('pass', 1)])"
2016-03-24 03:01:13 +0000,"OrderedDict([('pass', 1)])"
2016-03-25 04:05:19 +0000,"OrderedDict([('pass', 1)])"
2016-03-26 04:39:19 +0000,"OrderedDict([('pass', 1)])"
2016-03-27 04:04:43 +0100,"OrderedDict([('pass', 1)])"
2016-03-28 03:49:06 +0100,"OrderedDict([('pass', 1)])"
2016-03-29 04:58:23 +0100,"OrderedDict([('pass', 1)])"
2016-03-30 04:21:13 +0100,"OrderedDict([('pass', 1)])"
2016-03-31 03:54:29 +0100,"OrderedDict([('pass', 1)])"
2016-04-01 02:42:26 +0100,OrderedDict()
2016-04-02 04:07:13 +0100,"OrderedDict([('pass', 1)])"
2016-04-03 02:49:37 +0100,"OrderedDict([('pass', 1)])"
2016-04-04 02:25:46 +0100,"OrderedDict([('pass', 1)])"
2016-04-05 04:55:46 +0100,"OrderedDict([('pass', 1)])"
2016-04-06 02:25:19 +0100,"OrderedDict([('pass', 1)])"
2016-04-08 02:36:19 +0100,"OrderedDict([('pass', 1)])"
2016-04-10 02:45:52 +0100,"OrderedDict([('pass', 1)])"
2016-04-13 03:07:06 +0100,"OrderedDict([('pass', 1)])"
2016-04-16 02:23:01 +0100,"OrderedDict([('pass', 1)])"
2016-04-19 02:16:20 +0100,"OrderedDict([('pass', 1)])"
2016-04-22 02:20:36 +0100,"OrderedDict([('pass', 1)])"
2016-04-26 02:20:16 +0100,"OrderedDict([('pass', 1)])"
2016-04-27 02:54:22 +0100,"OrderedDict([('pass', 1)])"
2016-04-30 02:21:55 +0100,"OrderedDict([('pass', 1)])"
2016-05-01 02:23:43 +0100,"OrderedDict([('pass', 1)])"
2016-05-02 02:59:07 +0100,"OrderedDict([('pass', 1)])"
2016-05-03 02:59:17 +0100,"OrderedDict([('pass', 1)])"
2016-05-04 02:52:33 +0100,"OrderedDict([('pass', 1)])"
2016-05-05 02:59:23 +0100,"OrderedDict([('pass', 1)])"
2016-05-07 02:38:06 +0100,"OrderedDict([('pass', 1)])"
2016-05-12 02:25:21 +0100,"OrderedDict([('pass', 1)])"
2016-05-14 02:26:31 +0100,"OrderedDict([('pass', 1)])"
2016-05-15 02:24:22 +0100,"OrderedDict([('pass', 1)])"
2016-05-20 02:24:25 +0100,"OrderedDict([('pass', 1)])"
2016-05-21 02:35:26 +0100,"OrderedDict([('pass', 1)])"
2016-05-22 02:40:10 +0100,"OrderedDict([('pass', 1)])"
2016-05-23 02:44:24 +0100,"OrderedDict([('pass', 1)])"
2016-05-24 02:38:17 +0100,"OrderedDict([('pass', 1)])"
2016-05-25 02:25:39 +0100,"OrderedDict([('pass', 1)])"
2016-05-27 03:44:21 +0100,"OrderedDict([('pass', 1)])"
2016-05-31 02:25:39 +0100,"OrderedDict([('pass', 1)])"
2016-06-01 02:30:55 +0100,"OrderedDict([('pass', 1)])"
2016-06-02 02:24:09 +0100,"OrderedDict([('pass', 1)])"
2016-06-03 02:26:48 +0100,"OrderedDict([('pass', 1)])"
2016-06-04 02:34:11 +0100,"OrderedDict([('pass', 1)])"
2016-06-05 02:26:27 +0100,"OrderedDict([('pass', 1)])"
2016-06-08 02:31:20 +0100,"OrderedDict([('pass', 1)])"
2016-06-09 02:28:28 +0100,"OrderedDict([('pass', 1)])"
2016-06-10 02:36:42 +0100,"OrderedDict([('pass', 1)])"
2016-06-11 02:26:58 +0100,"OrderedDict([('pass', 1)])"
2016-06-12 02:22:27 +0100,"OrderedDict([('pass', 1)])"
2016-06-13 02:18:13 +0100,"OrderedDict([('pass', 1)])"
2016-06-14 02:19:27 +0100,"OrderedDict([('pass', 1)])"
2016-06-15 02:28:29 +0100,"OrderedDict([('pass', 1)])"
2016-06-16 02:25:53 +0100,"OrderedDict([('pass', 1)])"
2016-06-17 02:22:12 +0100,"OrderedDict([('pass', 1)])"
2016-06-18 02:21:26 +0100,"OrderedDict([('pass', 1)])"
2016-06-19 02:21:23 +0100,"OrderedDict([('pass', 1)])"
2016-06-20 02:26:06 +0100,"OrderedDict([('pass', 1)])"
2016-06-21 02:31:02 +0100,"OrderedDict([('pass', 1)])"
2016-06-22 02:21:58 +0100,"OrderedDict([('pass', 1)])"
2016-06-23 02:21:47 +0100,"OrderedDict([('pass', 1)])"
2016-06-24 02:35:07 +0100,"OrderedDict([('pass', 1)])"
2016-06-25 02:58:43 +0100,"OrderedDict([('pass', 1)])"
2016-06-26 02:29:30 +0100,"OrderedDict([('pass', 1)])"
2016-06-27 02:37:26 +0100,"OrderedDict([('pass', 1)])"
2016-06-28 02:46:05 +0100,"OrderedDict([('pass', 1)])"
2016-06-29 02:35:11 +0100,"OrderedDict([('pass', 1)])"
2016-06-30 02:25:08 +0100,"OrderedDict([('pass', 1)])"
2016-07-01 02:22:14 +0100,"OrderedDict([('pass', 1)])"
2016-07-02 02:27:18 +0100,"OrderedDict([('pass', 1)])"
2016-07-03 02:21:16 +0100,"OrderedDict([('pass', 1)])"
2016-07-04 02:31:56 +0100,"OrderedDict([('pass', 1)])"
2016-07-05 02:23:39 +0100,"OrderedDict([('pass', 1)])"
2016-07-06 02:42:54 +0100,"OrderedDict([('pass', 1)])"
2016-07-07 02:23:52 +0100,"OrderedDict([('pass', 1)])"
2016-07-08 02:32:38 +0100,"OrderedDict([('pass', 1)])"
2016-07-09 02:23:55 +0100,"OrderedDict([('pass', 1)])"
2016-07-10 02:22:14 +0100,"OrderedDict([('pass', 1)])"
2016-07-11 02:22:40 +0100,"OrderedDict([('pass', 1)])"
2016-07-12 02:24:02 +0100,"OrderedDict([('pass', 1)])"
2016-07-13 02:36:30 +0100,"OrderedDict([('pass', 1)])"
2016-07-14 02:25:20 +0100,"OrderedDict([('pass', 1)])"
2016-07-15 13:45:58 +0100,"OrderedDict([('pass', 1)])"
2016-07-16 02:32:43 +0100,"OrderedDict([('pass', 1)])"
2016-07-17 02:44:07 +0100,"OrderedDict([('pass', 1)])"
2016-07-18 02:47:28 +0100,"OrderedDict([('pass', 1)])"
2016-07-19 02:34:10 +0100,"OrderedDict([('pass', 1)])"
2016-07-20 02:34:28 +0100,"OrderedDict([('pass', 1)])"
2016-07-21 02:57:41 +0100,"OrderedDict([('pass', 1)])"
2016-07-22 02:35:07 +0100,"OrderedDict([('pass', 1)])"
2016-07-23 02:32:54 +0100,"OrderedDict([('pass', 1)])"
2016-07-24 02:33:49 +0100,"OrderedDict([('pass', 1)])"
2016-07-25 02:50:15 +0100,"OrderedDict([('pass', 1)])"
2016-07-26 02:30:18 +0100,"OrderedDict([('pass', 1)])"
2016-07-27 02:32:53 +0100,"OrderedDict([('pass', 1)])"
2016-07-28 02:34:23 +0100,"OrderedDict([('pass', 1)])"
2016-07-29 03:10:05 +0100,"OrderedDict([('pass', 1)])"
2016-07-30 02:50:23 +0100,"OrderedDict([('pass', 1)])"
2016-07-31 02:34:55 +0100,"OrderedDict([('pass', 1)])"
2016-08-01 02:35:21 +0100,"OrderedDict([('pass', 1)])"
2016-08-02 02:34:52 +0100,"OrderedDict([('pass', 1)])"
2016-08-03 03:36:56 +0100,"OrderedDict([('pass', 1)])"
2016-08-04 02:42:07 +0100,"OrderedDict([('pass', 1)])"
2016-08-05 03:02:41 +0100,"OrderedDict([('pass', 1)])"
2016-08-06 03:06:52 +0100,"OrderedDict([('pass', 1)])"
2016-08-07 02:30:30 +0100,"OrderedDict([('pass', 1)])"
2016-08-08 02:31:25 +0100,"OrderedDict([('pass', 1)])"
2016-08-09 07:30:36 +0100,"OrderedDict([('pass', 1)])"
2016-08-10 03:46:59 +0100,"OrderedDict([('pass', 1)])"
2016-08-11 02:32:53 +0100,"OrderedDict([('pass', 1)])"
2016-08-12 02:35:56 +0100,"OrderedDict([('pass', 1)])"
2016-08-13 02:36:32 +0100,"OrderedDict([('pass', 1)])"
2016-08-14 02:38:43 +0100,"OrderedDict([('pass', 1)])"
2016-08-23 03:11:55 +0100,"OrderedDict([('pass', 1)])"
2016-08-24 03:04:44 +0100,"OrderedDict([('pass', 1)])"
2016-08-30 02:51:50 +0100,"OrderedDict([('pass', 1)])"
2016-08-31 02:52:11 +0100,"OrderedDict([('pass', 1)])"
2016-09-01 02:48:08 +0100,"OrderedDict([('pass', 1)])"
2016-09-02 03:02:46 +0100,"OrderedDict([('pass', 1)])"
2016-09-03 02:49:23 +0100,"OrderedDict([('pass', 1)])"
2016-09-04 02:42:12 +0100,"OrderedDict([('pass', 1)])"
2016-09-05 02:39:58 +0100,"OrderedDict([('pass', 1)])"
2016-09-06 02:37:07 +0100,"OrderedDict([('pass', 1)])"
2016-09-07 02:48:02 +0100,"OrderedDict([('pass', 1)])"
2016-09-08 02:53:28 +0100,"OrderedDict([('pass', 1)])"
2016-09-09 02:48:59 +0100,"OrderedDict([('pass', 1)])"
2016-09-10 02:44:12 +0100,"OrderedDict([('pass', 1)])"
2016-09-11 02:51:45 +0100,"OrderedDict([('pass', 1)])"
2016-09-12 02:42:29 +0100,"OrderedDict([('pass', 1)])"
2016-09-13 02:49:39 +0100,"OrderedDict([('pass', 1)])"
2016-09-14 02:52:52 +0100,"OrderedDict([('pass', 1)])"
2016-09-15 03:02:53 +0100,"OrderedDict([('pass', 1)])"
2016-09-16 03:28:46 +0100,"OrderedDict([('pass', 1)])"
2016-09-17 02:58:02 +0100,"OrderedDict([('pass', 1)])"
2016-09-18 03:02:23 +0100,"OrderedDict([('pass', 1)])"
2016-09-19 02:59:53 +0100,"OrderedDict([('pass', 1)])"
2016-09-20 02:59:21 +0100,"OrderedDict([('pass', 1)])"
2016-09-21 03:01:27 +0100,"OrderedDict([('pass', 1)])"
2016-09-22 02:32:56 +0100,"OrderedDict([('pass', 1)])"
2016-09-23 03:02:15 +0100,"OrderedDict([('pass', 1)])"
2016-09-24 03:16:04 +0100,"OrderedDict([('pass', 1)])"
2016-09-25 03:00:56 +0100,"OrderedDict([('pass', 1)])"
2016-09-26 02:58:25 +0100,"OrderedDict([('pass', 1)])"
2016-09-27 03:11:05 +0100,"OrderedDict([('pass', 1)])"
2016-09-28 02:59:41 +0100,"OrderedDict([('pass', 1)])"
2016-09-29 02:56:55 +0100,"OrderedDict([('pass', 1)])"
2016-09-30 02:58:41 +0100,"OrderedDict([('pass', 1)])"
2016-10-01 03:04:58 +0100,"OrderedDict([('pass', 1)])"
2016-10-03 02:44:00 +0100,"OrderedDict([('pass', 1)])"
2016-10-04 02:28:44 +0100,"OrderedDict([('pass', 1)])"
2016-10-05 03:07:52 +0100,"OrderedDict([('pass', 1)])"
2016-10-06 03:08:40 +0100,"OrderedDict([('pass', 1)])"
2016-10-07 03:04:31 +0100,"OrderedDict([('pass', 1)])"
2016-10-08 02:58:15 +0100,"OrderedDict([('pass', 1)])"
2016-10-09 02:56:44 +0100,"OrderedDict([('pass', 1)])"
2016-10-10 03:06:56 +0100,"OrderedDict([('pass', 1)])"
2016-10-11 02:31:27 +0100,"OrderedDict([('pass', 1)])"
2016-10-12 02:31:25 +0100,"OrderedDict([('pass', 1)])"
2016-10-14 01:22:26 +0100,"OrderedDict([('pass', 1)])"
2016-10-15 01:00:19 +0100,"OrderedDict([('pass', 1)])"
2016-10-18 12:26:46 +0100,"OrderedDict([('pass', 1)])"
2016-10-20 01:15:16 +0100,"OrderedDict([('pass', 1)])"
2016-10-20 11:01:41 +0100,"OrderedDict([('pass', 1)])"
2016-10-22 00:53:28 +0100,"OrderedDict([('pass', 1)])"
2016-10-23 00:58:48 +0100,"OrderedDict([('pass', 1)])"
2016-10-24 00:57:14 +0100,"OrderedDict([('pass', 1)])"
2016-10-25 00:58:40 +0100,"OrderedDict([('pass', 1)])"
2016-10-26 00:55:38 +0100,"OrderedDict([('pass', 1)])"
2016-10-27 04:32:04 +0100,"OrderedDict([('pass', 1)])"
2016-10-28 04:32:59 +0100,"OrderedDict([('pass', 1)])"
2016-10-29 04:56:48 +0100,"OrderedDict([('pass', 1)])"
2016-11-01 04:44:30 +0000,"OrderedDict([('pass', 1)])"
2016-11-02 04:26:56 +0000,"OrderedDict([('pass', 1)])"
2016-11-03 05:17:56 +0000,"OrderedDict([('pass', 1)])"
2016-11-04 04:30:21 +0000,"OrderedDict([('pass', 1)])"
2016-11-05 04:28:29 +0000,"OrderedDict([('pass', 1)])"
2016-11-06 04:28:06 +0000,"OrderedDict([('pass', 1)])"
2016-11-07 04:25:49 +0000,"OrderedDict([('pass', 1)])"
2016-11-08 04:26:26 +0000,"OrderedDict([('pass', 1)])"
2016-11-09 04:23:03 +0000,"OrderedDict([('pass', 1)])"
2016-11-10 04:28:20 +0000,"OrderedDict([('pass', 1)])"
2016-11-11 04:29:24 +0000,"OrderedDict([('pass', 1)])"
2016-11-12 04:24:27 +0000,"OrderedDict([('pass', 1)])"
2016-11-13 04:23:14 +0000,"OrderedDict([('pass', 1)])"
2016-11-14 08:16:58 +0000,"OrderedDict([('pass', 1)])"
2016-11-15 04:19:07 +0000,"OrderedDict([('pass', 1)])"
2016-11-16 04:23:22 +0000,"OrderedDict([('pass', 1)])"
2016-11-18 04:21:02 +0000,"OrderedDict([('pass', 1)])"
2016-11-19 04:24:47 +0000,"OrderedDict([('pass', 1)])"
2016-11-20 04:23:15 +0000,"OrderedDict([('pass', 1)])"
2016-11-21 04:33:23 +0000,"OrderedDict([('pass', 1)])"
2016-11-22 04:24:45 +0000,"OrderedDict([('pass', 1)])"
2016-11-24 04:19:12 +0000,"OrderedDict([('pass', 1)])"
2016-11-25 04:33:59 +0000,"OrderedDict([('pass', 1)])"
2016-11-26 04:23:11 +0000,"OrderedDict([('pass', 1)])"
2016-11-27 04:26:33 +0000,"OrderedDict([('pass', 1)])"
2016-11-28 04:27:54 +0000,"OrderedDict([('pass', 1)])"
2016-11-29 04:32:52 +0000,"OrderedDict([('pass', 1)])"
2016-11-30 04:28:17 +0000,"OrderedDict([('pass', 1)])"
2016-12-01 04:37:05 +0000,"OrderedDict([('pass', 1)])"
2016-12-02 04:26:18 +0000,"OrderedDict([('pass', 1)])"
2016-12-03 04:25:48 +0000,"OrderedDict([('pass', 1)])"
2016-12-04 04:29:11 +0000,"OrderedDict([('pass', 1)])"
2016-12-05 04:31:01 +0000,"OrderedDict([('pass', 1)])"
2016-12-06 04:35:24 +0000,"OrderedDict([('pass', 1)])"
2016-12-07 04:32:25 +0000,"OrderedDict([('pass', 1)])"
2016-12-08 06:07:45 +0000,"OrderedDict([('pass', 1)])"
2016-12-09 06:07:48 +0000,"OrderedDict([('pass', 1)])"
2016-12-12 02:33:16 +0000,"OrderedDict([('pass', 1)])"
2016-12-14 02:23:57 +0000,"OrderedDict([('pass', 1)])"
2016-12-15 08:24:08 +0000,"OrderedDict([('pass', 1)])"
2016-12-16 04:32:09 +0000,"OrderedDict([('pass', 1)])"
2016-12-17 04:32:22 +0000,"OrderedDict([('pass', 1)])"
2016-12-18 04:27:49 +0000,"OrderedDict([('pass', 1)])"
2016-12-19 04:31:10 +0000,"OrderedDict([('pass', 1)])"
2016-12-20 04:31:43 +0000,"OrderedDict([('pass', 1)])"
2016-12-21 04:30:47 +0000,"OrderedDict([('pass', 1)])"
2016-12-22 04:29:13 +0000,"OrderedDict([('pass', 1)])"
2016-12-23 04:26:25 +0000,"OrderedDict([('pass', 1)])"
2016-12-24 04:34:09 +0000,"OrderedDict([('pass', 1)])"
2016-12-25 04:38:51 +0000,"OrderedDict([('pass', 1)])"
2016-12-26 04:37:31 +0000,"OrderedDict([('pass', 1)])"
2016-12-27 04:33:15 +0000,"OrderedDict([('pass', 1)])"
2016-12-28 04:34:04 +0000,"OrderedDict([('pass', 1)])"
2016-12-29 04:39:41 +0000,"OrderedDict([('pass', 1)])"
2016-12-30 04:31:00 +0000,"OrderedDict([('pass', 1)])"
2016-12-31 04:29:55 +0000,"OrderedDict([('pass', 1)])"
2017-01-01 04:32:01 +0000,"OrderedDict([('pass', 1)])"
2017-01-02 04:29:50 +0000,"OrderedDict([('pass', 1)])"
2017-01-03 04:30:13 +0000,"OrderedDict([('pass', 1)])"
2017-01-04 04:37:16 +0000,"OrderedDict([('pass', 1)])"
2017-01-05 04:35:54 +0000,"OrderedDict([('pass', 1)])"
2017-01-06 04:39:19 +0000,"OrderedDict([('pass', 1)])"
2017-01-07 04:34:31 +0000,"OrderedDict([('pass', 1)])"
2017-01-08 04:35:13 +0000,"OrderedDict([('pass', 1)])"
2017-01-09 04:34:53 +0000,"OrderedDict([('pass', 1)])"
2017-01-10 04:34:12 +0000,"OrderedDict([('pass', 1)])"
2017-01-11 04:37:17 +0000,"OrderedDict([('pass', 1)])"
2017-01-12 04:39:38 +0000,"OrderedDict([('pass', 1)])"
2017-01-13 04:41:57 +0000,"OrderedDict([('pass', 1)])"
2017-01-14 04:38:18 +0000,"OrderedDict([('pass', 1)])"
2017-01-15 04:42:46 +0000,"OrderedDict([('pass', 1)])"
2017-01-16 04:42:10 +0000,"OrderedDict([('pass', 1)])"
2017-01-17 04:39:34 +0000,"OrderedDict([('pass', 1)])"
2017-01-18 04:50:00 +0000,"OrderedDict([('pass', 1)])"
2017-01-27 04:37:57 +0000,"OrderedDict([('pass', 1)])"
2017-01-28 04:36:29 +0000,"OrderedDict([('pass', 1)])"
2017-01-29 04:36:58 +0000,"OrderedDict([('pass', 1)])"
2017-01-30 04:42:24 +0000,"OrderedDict([('pass', 1)])"
2017-01-31 04:47:50 +0000,"OrderedDict([('pass', 1)])"
2017-02-01 04:51:29 +0000,"OrderedDict([('pass', 1)])"
2017-02-02 04:50:38 +0000,"OrderedDict([('pass', 1)])"
2017-02-03 04:49:52 +0000,"OrderedDict([('pass', 1)])"
2017-02-04 04:49:54 +0000,"OrderedDict([('pass', 1)])"
2017-02-05 04:45:52 +0000,"OrderedDict([('pass', 1)])"
2017-02-06 04:45:56 +0000,"OrderedDict([('pass', 1)])"
2017-02-07 04:53:11 +0000,"OrderedDict([('pass', 1)])"
2017-02-08 04:49:46 +0000,"OrderedDict([('pass', 1)])"
2017-02-09 04:49:31 +0000,"OrderedDict([('pass', 1)])"
2017-02-10 04:55:27 +0000,"OrderedDict([('pass', 1)])"
2017-02-11 04:51:59 +0000,"OrderedDict([('pass', 1)])"
2017-02-12 04:46:02 +0000,"OrderedDict([('pass', 1)])"
2017-02-13 04:47:32 +0000,"OrderedDict([('pass', 1)])"
2017-02-15 04:49:13 +0000,"OrderedDict([('pass', 1)])"
2017-02-16 04:44:15 +0000,"OrderedDict([('pass', 1)])"
2017-02-17 04:48:38 +0000,"OrderedDict([('pass', 1)])"
2017-02-18 04:48:50 +0000,"OrderedDict([('pass', 1)])"
2017-02-20 04:50:36 +0000,"OrderedDict([('pass', 1)])"
2017-02-21 04:48:43 +0000,"OrderedDict([('pass', 1)])"
2017-02-22 04:53:26 +0000,"OrderedDict([('pass', 1)])"
2017-02-23 04:51:52 +0000,"OrderedDict([('pass', 1)])"
2017-02-24 04:55:32 +0000,"OrderedDict([('pass', 1)])"
2017-02-25 04:51:25 +0000,"OrderedDict([('pass', 1)])"
2017-02-26 04:48:39 +0000,"OrderedDict([('pass', 1)])"
2017-02-27 04:51:52 +0000,"OrderedDict([('pass', 1)])"
2017-02-28 04:54:52 +0000,"OrderedDict([('pass', 1)])"
2017-03-01 04:56:47 +0000,"OrderedDict([('pass', 1)])"
2017-03-02 04:52:09 +0000,"OrderedDict([('pass', 1)])"
2017-03-03 04:50:16 +0000,"OrderedDict([('pass', 1)])"
2017-03-04 04:52:18 +0000,"OrderedDict([('pass', 1)])"
2017-03-05 05:53:50 +0000,"OrderedDict([('pass', 1)])"
2017-03-06 04:50:07 +0000,"OrderedDict([('pass', 1)])"
2017-03-07 04:53:22 +0000,"OrderedDict([('pass', 1)])"
2017-03-08 04:52:15 +0000,"OrderedDict([('pass', 1)])"
2017-03-09 04:56:14 +0000,"OrderedDict([('pass', 1)])"
2017-03-10 05:12:14 +0000,"OrderedDict([('pass', 1)])"
2017-03-11 04:48:35 +0000,"OrderedDict([('pass', 1)])"
2017-03-12 04:50:46 +0000,"OrderedDict([('pass', 1)])"
2017-03-13 04:50:53 +0000,"OrderedDict([('pass', 1)])"
2017-03-14 04:54:45 +0000,"OrderedDict([('pass', 1)])"
2017-03-15 05:06:17 +0000,"OrderedDict([('pass', 1)])"
2017-03-16 04:54:40 +0000,"OrderedDict([('pass', 1)])"
2017-03-17 04:55:36 +0000,"OrderedDict([('pass', 1)])"
2017-03-18 05:20:46 +0000,"OrderedDict([('pass', 1)])"
2017-03-19 04:50:40 +0000,"OrderedDict([('pass', 1)])"
2017-03-20 04:49:47 +0000,"OrderedDict([('pass', 1)])"
2017-03-21 04:49:18 +0000,"OrderedDict([('pass', 1)])"
2017-03-22 04:52:30 +0000,"OrderedDict([('pass', 1)])"
2017-03-23 05:09:15 +0000,"OrderedDict([('pass', 1)])"
2017-03-24 04:52:10 +0000,"OrderedDict([('pass', 1)])"
2017-03-25 04:48:52 +0000,"OrderedDict([('pass', 1)])"
2017-03-26 04:50:08 +0100,"OrderedDict([('pass', 1)])"
2017-03-27 04:56:38 +0100,"OrderedDict([('pass', 1)])"
2017-03-28 04:56:11 +0100,"OrderedDict([('pass', 1)])"
2017-03-29 05:47:37 +0100,"OrderedDict([('pass', 1)])"
2017-03-30 05:00:36 +0100,"OrderedDict([('pass', 1)])"
2017-03-31 05:07:39 +0100,"OrderedDict([('pass', 1)])"
2017-04-01 04:57:30 +0100,"OrderedDict([('pass', 1)])"
2017-04-02 04:57:21 +0100,"OrderedDict([('pass', 1)])"
2017-04-03 04:58:56 +0100,"OrderedDict([('pass', 1)])"
2017-04-04 04:56:33 +0100,"OrderedDict([('pass', 1)])"
2017-04-05 04:56:08 +0100,"OrderedDict([('pass', 1)])"
2017-04-06 04:59:05 +0100,"OrderedDict([('pass', 1)])"
2017-04-07 04:57:54 +0100,"OrderedDict([('pass', 1)])"
2017-04-08 04:55:56 +0100,"OrderedDict([('pass', 1)])"
2017-04-09 04:57:11 +0100,"OrderedDict([('pass', 1)])"
2017-04-10 04:55:46 +0100,"OrderedDict([('pass', 1)])"
2017-04-11 04:59:51 +0100,"OrderedDict([('pass', 1)])"
2017-04-12 04:56:22 +0100,"OrderedDict([('pass', 1)])"
2017-04-13 04:58:49 +0100,"OrderedDict([('pass', 1)])"
2017-04-14 04:57:13 +0100,"OrderedDict([('pass', 1)])"
2017-04-15 04:57:19 +0100,"OrderedDict([('pass', 1)])"
2017-04-16 04:57:07 +0100,"OrderedDict([('pass', 1)])"
2017-04-17 04:58:36 +0100,"OrderedDict([('pass', 1)])"
2017-04-18 05:01:35 +0100,"OrderedDict([('pass', 1)])"
2017-04-19 04:58:22 +0100,"OrderedDict([('pass', 1)])"
2017-04-20 05:01:55 +0100,"OrderedDict([('pass', 1)])"
2017-04-21 04:58:20 +0100,"OrderedDict([('pass', 1)])"
2017-04-22 04:58:08 +0100,"OrderedDict([('pass', 1)])"
2017-04-23 04:58:41 +0100,"OrderedDict([('pass', 1)])"
2017-04-24 04:55:37 +0100,"OrderedDict([('pass', 1)])"
2017-04-25 04:59:39 +0100,"OrderedDict([('pass', 1)])"
2017-04-26 04:52:25 +0100,"OrderedDict([('pass', 1)])"
2017-04-27 05:04:08 +0100,"OrderedDict([('pass', 1)])"
2017-04-28 05:03:45 +0100,"OrderedDict([('pass', 1)])"
2017-04-29 05:13:01 +0100,"OrderedDict([('pass', 1)])"
2017-04-30 05:09:11 +0100,"OrderedDict([('pass', 1)])"
2017-05-01 05:16:50 +0100,"OrderedDict([('pass', 1)])"
2017-05-02 05:15:17 +0100,"OrderedDict([('pass', 1)])"
2017-05-03 05:15:11 +0100,"OrderedDict([('pass', 1)])"
2017-05-04 05:17:32 +0100,"OrderedDict([('pass', 1)])"
2017-05-05 05:36:12 +0100,"OrderedDict([('pass', 1)])"
2017-05-06 05:36:13 +0100,"OrderedDict([('pass', 1)])"
2017-05-07 05:38:28 +0100,"OrderedDict([('pass', 1)])"
2017-05-08 05:39:30 +0100,"OrderedDict([('pass', 1)])"
2017-05-09 05:33:12 +0100,"OrderedDict([('pass', 1)])"
2017-05-10 05:35:50 +0100,"OrderedDict([('pass', 1)])"
2017-05-11 07:06:44 +0100,"OrderedDict([('pass', 1)])"
2017-05-12 05:35:41 +0100,"OrderedDict([('pass', 1)])"
2017-05-13 05:27:11 +0100,"OrderedDict([('pass', 1)])"
2017-05-14 05:37:06 +0100,"OrderedDict([('pass', 1)])"
2017-05-15 05:32:44 +0100,"OrderedDict([('pass', 1)])"
2017-05-16 05:32:20 +0100,"OrderedDict([('pass', 1)])"
2017-05-17 05:31:15 +0100,"OrderedDict([('pass', 1)])"
2017-05-18 05:24:41 +0100,"OrderedDict([('pass', 1)])"
2017-05-19 05:26:41 +0100,"OrderedDict([('pass', 1)])"
2017-05-20 05:39:23 +0100,"OrderedDict([('pass', 1)])"
2017-05-21 05:35:00 +0100,"OrderedDict([('pass', 1)])"
2017-05-22 05:27:14 +0100,"OrderedDict([('pass', 1)])"
2017-05-23 05:30:10 +0100,"OrderedDict([('pass', 1)])"
2017-05-24 05:34:21 +0100,"OrderedDict([('pass', 1)])"
2017-05-25 05:30:50 +0100,"OrderedDict([('pass', 1)])"
2017-05-26 05:39:25 +0100,"OrderedDict([('pass', 1)])"
2017-05-27 05:38:42 +0100,"OrderedDict([('pass', 1)])"
2017-05-28 05:34:25 +0100,"OrderedDict([('pass', 1)])"
2017-05-29 05:34:55 +0100,"OrderedDict([('pass', 1)])"
2017-05-30 05:39:48 +0100,"OrderedDict([('pass', 1)])"
2017-05-31 05:40:53 +0100,"OrderedDict([('pass', 1)])"
2017-06-01 05:36:40 +0100,"OrderedDict([('pass', 1)])"
2017-06-02 05:27:36 +0100,"OrderedDict([('pass', 1)])"
2017-06-03 05:37:56 +0100,"OrderedDict([('pass', 1)])"
2017-06-04 05:42:15 +0100,"OrderedDict([('pass', 1)])"
2017-06-05 05:37:05 +0100,"OrderedDict([('pass', 1)])"
2017-06-06 05:40:34 +0100,"OrderedDict([('pass', 1)])"
2017-06-07 05:37:42 +0100,"OrderedDict([('pass', 1)])"
2017-06-08 05:39:40 +0100,"OrderedDict([('pass', 1)])"
2017-06-09 05:42:19 +0100,"OrderedDict([('pass', 1)])"
2017-06-10 05:45:23 +0100,"OrderedDict([('pass', 1)])"
2017-06-11 05:34:02 +0100,"OrderedDict([('pass', 1)])"
2017-06-12 05:37:46 +0100,"OrderedDict([('pass', 1)])"
2017-06-13 05:33:18 +0100,"OrderedDict([('pass', 1)])"
2017-06-14 05:25:14 +0100,"OrderedDict([('pass', 1)])"
2017-06-15 05:27:57 +0100,"OrderedDict([('pass', 1)])"
2017-06-16 05:34:24 +0100,"OrderedDict([('pass', 1)])"
2017-06-17 05:32:01 +0100,"OrderedDict([('pass', 1)])"
2017-06-18 05:23:36 +0100,"OrderedDict([('pass', 1)])"
2017-06-19 05:24:43 +0100,"OrderedDict([('pass', 1)])"
2017-06-20 05:57:51 +0100,"OrderedDict([('pass', 1)])"
2017-06-21 05:28:50 +0100,"OrderedDict([('pass', 1)])"
2017-06-22 05:32:26 +0100,"OrderedDict([('pass', 1)])"
2017-06-23 05:36:16 +0100,"OrderedDict([('pass', 1)])"
2017-06-24 05:33:34 +0100,"OrderedDict([('pass', 1)])"
2017-06-25 05:35:14 +0100,"OrderedDict([('pass', 1)])"
2017-06-26 05:35:55 +0100,"OrderedDict([('pass', 1)])"
2017-06-27 05:36:26 +0100,"OrderedDict([('pass', 1)])"
2017-06-28 05:41:09 +0100,"OrderedDict([('pass', 1)])"
2017-06-29 05:45:34 +0100,"OrderedDict([('pass', 1)])"
2017-06-30 06:23:31 +0100,"OrderedDict([('pass', 1)])"
2017-07-01 05:50:38 +0100,"OrderedDict([('pass', 1)])"
2017-07-02 05:45:42 +0100,"OrderedDict([('pass', 1)])"
2017-07-03 05:44:34 +0100,"OrderedDict([('pass', 1)])"
2017-07-05 05:47:32 +0100,"OrderedDict([('pass', 1)])"
2017-07-06 06:37:22 +0100,"OrderedDict([('pass', 1)])"
2017-07-07 06:17:52 +0100,"OrderedDict([('pass', 1)])"
2017-07-08 06:27:15 +0100,"OrderedDict([('pass', 1)])"
2017-07-10 05:43:50 +0100,"OrderedDict([('pass', 1)])"
2017-07-11 06:22:44 +0100,"OrderedDict([('pass', 1)])"
2017-07-12 07:41:31 +0100,"OrderedDict([('pass', 1)])"
2017-07-13 05:44:12 +0100,"OrderedDict([('pass', 1)])"
2017-07-14 06:03:24 +0100,"OrderedDict([('pass', 1)])"
2017-07-15 06:54:39 +0100,"OrderedDict([('pass', 1)])"
2017-07-16 05:37:12 +0100,"OrderedDict([('pass', 1)])"
2017-07-17 05:46:21 +0100,"OrderedDict([('pass', 1)])"
2017-07-18 05:52:02 +0100,"OrderedDict([('pass', 1)])"
2017-07-19 05:33:48 +0100,"OrderedDict([('pass', 1)])"
2017-07-20 05:47:42 +0100,"OrderedDict([('pass', 1)])"
2017-07-21 05:45:07 +0100,"OrderedDict([('pass', 1)])"
2017-07-22 05:49:40 +0100,"OrderedDict([('pass', 1)])"
2017-07-23 05:51:38 +0100,"OrderedDict([('pass', 1)])"
2017-07-24 05:53:07 +0100,"OrderedDict([('pass', 1)])"
2017-07-25 05:48:31 +0100,"OrderedDict([('pass', 1)])"
2017-07-26 05:49:58 +0100,"OrderedDict([('pass', 1)])"
2017-07-27 05:43:40 +0100,"OrderedDict([('pass', 1)])"
2017-07-28 05:47:57 +0100,"OrderedDict([('pass', 1)])"
2017-07-29 05:44:28 +0100,"OrderedDict([('pass', 1)])"
2017-07-31 05:49:59 +0100,"OrderedDict([('pass', 1)])"
2017-08-01 06:44:03 +0100,"OrderedDict([('pass', 1)])"
2017-08-02 06:45:14 +0100,"OrderedDict([('pass', 1)])"
2017-08-03 06:28:02 +0100,"OrderedDict([('pass', 1)])"
2017-08-04 06:31:51 +0100,"OrderedDict([('pass', 1)])"
2017-08-05 06:40:51 +0100,"OrderedDict([('pass', 1)])"
2017-08-06 06:27:15 +0100,"OrderedDict([('pass', 1)])"
2017-08-08 06:24:55 +0100,"OrderedDict([('pass', 1)])"
2017-08-09 06:26:54 +0100,"OrderedDict([('pass', 1)])"
2017-08-10 06:22:34 +0100,"OrderedDict([('pass', 1)])"
2017-08-11 06:42:21 +0100,"OrderedDict([('pass', 1)])"
2017-08-12 05:47:58 +0100,"OrderedDict([('pass', 1)])"
2017-08-13 07:13:38 +0100,"OrderedDict([('pass', 1)])"
2017-08-14 05:49:48 +0100,"OrderedDict([('pass', 1)])"
2017-08-15 05:41:46 +0100,"OrderedDict([('pass', 1)])"
2017-08-17 05:38:36 +0100,"OrderedDict([('pass', 1)])"
2017-08-18 05:49:25 +0100,"OrderedDict([('pass', 1)])"
2017-08-19 05:48:01 +0100,"OrderedDict([('pass', 1)])"
2017-08-20 05:54:59 +0100,"OrderedDict([('pass', 1)])"
2017-08-21 05:41:00 +0100,"OrderedDict([('pass', 1)])"
2017-08-22 05:47:55 +0100,"OrderedDict([('pass', 1)])"
2017-08-23 05:50:20 +0100,"OrderedDict([('pass', 1)])"
2017-08-24 05:47:31 +0100,"OrderedDict([('pass', 1)])"
2017-08-25 05:52:18 +0100,"OrderedDict([('pass', 1)])"
2017-08-26 05:48:16 +0100,"OrderedDict([('pass', 1)])"
2017-08-27 05:46:27 +0100,"OrderedDict([('pass', 1)])"
2017-08-28 05:47:49 +0100,"OrderedDict([('pass', 1)])"
2017-08-29 05:46:29 +0100,"OrderedDict([('pass', 1)])"
2017-08-30 05:40:21 +0100,"OrderedDict([('pass', 1)])"
2017-08-31 05:58:09 +0100,"OrderedDict([('pass', 1)])"
2017-09-01 05:46:33 +0100,"OrderedDict([('pass', 1)])"
2017-09-02 05:47:13 +0100,"OrderedDict([('pass', 1)])"
2017-09-03 05:46:09 +0100,"OrderedDict([('pass', 1)])"
2017-09-04 05:43:33 +0100,"OrderedDict([('pass', 1)])"
2017-09-05 05:44:36 +0100,"OrderedDict([('pass', 1)])"
2017-09-06 05:45:45 +0100,"OrderedDict([('pass', 1)])"
2017-09-07 05:45:26 +0100,"OrderedDict([('pass', 1)])"
2017-09-08 05:43:55 +0100,"OrderedDict([('pass', 1)])"
2017-09-09 05:58:56 +0100,"OrderedDict([('pass', 1)])"
2017-09-10 06:06:28 +0100,"OrderedDict([('pass', 1)])"
2017-09-12 06:00:22 +0100,"OrderedDict([('pass', 1)])"
2017-09-13 06:03:49 +0100,"OrderedDict([('pass', 1)])"
2017-09-14 06:07:11 +0100,"OrderedDict([('pass', 1)])"
2017-09-15 06:08:14 +0100,"OrderedDict([('pass', 1)])"
2017-09-16 06:03:38 +0100,"OrderedDict([('pass', 1)])"
2017-09-17 06:06:52 +0100,"OrderedDict([('pass', 1)])"
2017-09-18 06:05:33 +0100,"OrderedDict([('pass', 1)])"
2017-09-19 06:06:18 +0100,"OrderedDict([('pass', 1)])"
2017-09-20 06:07:26 +0100,"OrderedDict([('pass', 1)])"
2017-09-21 06:07:17 +0100,"OrderedDict([('pass', 1)])"
2017-09-22 06:10:41 +0100,"OrderedDict([('pass', 1)])"
2017-09-23 06:09:58 +0100,"OrderedDict([('pass', 1)])"
2017-09-24 06:05:40 +0100,"OrderedDict([('pass', 1)])"
2017-09-25 06:04:02 +0100,"OrderedDict([('pass', 1)])"
2017-09-26 06:05:00 +0100,"OrderedDict([('pass', 1)])"
2017-09-27 06:04:44 +0100,"OrderedDict([('pass', 1)])"
2017-09-28 06:06:47 +0100,"OrderedDict([('pass', 1)])"
2017-09-29 06:34:56 +0100,"OrderedDict([('pass', 1)])"
2017-09-30 06:31:17 +0100,"OrderedDict([('pass', 1)])"
2017-10-01 06:20:22 +0100,"OrderedDict([('pass', 1)])"
2017-10-02 06:56:19 +0100,"OrderedDict([('pass', 1)])"
2017-10-03 06:50:29 +0100,"OrderedDict([('pass', 1)])"
2017-10-04 06:34:24 +0100,"OrderedDict([('pass', 1)])"
2017-10-05 06:23:34 +0100,"OrderedDict([('pass', 1)])"
2017-10-06 06:14:22 +0100,"OrderedDict([('pass', 1)])"
2017-10-08 06:10:11 +0100,"OrderedDict([('pass', 1)])"
2017-10-10 06:19:06 +0100,"OrderedDict([('pass', 1)])"
2017-10-11 06:19:52 +0100,"OrderedDict([('pass', 1)])"
2017-10-13 06:03:34 +0100,"OrderedDict([('pass', 1)])"
2017-10-14 06:21:09 +0100,"OrderedDict([('pass', 1)])"
2017-10-15 06:13:21 +0100,"OrderedDict([('pass', 1)])"
2017-10-16 06:08:39 +0100,"OrderedDict([('pass', 1)])"
2017-10-17 06:30:11 +0100,"OrderedDict([('pass', 1)])"
2017-10-18 06:07:48 +0100,"OrderedDict([('pass', 1)])"
2017-10-19 06:17:38 +0100,"OrderedDict([('pass', 1)])"
2017-10-20 06:40:17 +0100,"OrderedDict([('pass', 1)])"
2017-10-21 06:14:54 +0100,"OrderedDict([('pass', 1)])"
2017-10-22 06:11:47 +0100,"OrderedDict([('pass', 1)])"
2017-10-23 06:09:58 +0100,"OrderedDict([('pass', 1)])"
2017-10-24 06:12:38 +0100,"OrderedDict([('pass', 1)])"
2017-10-27 06:06:09 +0100,"OrderedDict([('pass', 1)])"
2017-10-28 08:56:43 +0100,"OrderedDict([('pass', 1)])"
2017-10-30 06:19:42 +0000,"OrderedDict([('pass', 1)])"
2017-10-31 06:10:27 +0000,"OrderedDict([('pass', 1)])"
2017-11-01 06:12:32 +0000,"OrderedDict([('pass', 1)])"
2017-11-07 06:07:43 +0000,"OrderedDict([('pass', 1)])"
2017-11-10 06:15:34 +0000,"OrderedDict([('pass', 1)])"
2017-11-11 06:09:17 +0000,"OrderedDict([('pass', 1)])"
2017-11-12 06:07:18 +0000,"OrderedDict([('pass', 1)])"
2017-11-13 06:14:34 +0000,"OrderedDict([('pass', 1)])"
2017-11-14 06:19:30 +0000,"OrderedDict([('pass', 1)])"
2017-11-15 06:06:09 +0000,"OrderedDict([('pass', 1)])"
2017-11-16 06:15:12 +0000,"OrderedDict([('pass', 1)])"
2017-11-17 06:12:37 +0000,"OrderedDict([('pass', 1)])"
2017-11-18 05:43:51 +0000,"OrderedDict([('pass', 1)])"
2017-11-19 06:18:08 +0000,"OrderedDict([('pass', 1)])"
2017-11-20 06:19:27 +0000,"OrderedDict([('pass', 1)])"
2017-11-21 06:12:54 +0000,"OrderedDict([('pass', 1)])"
2017-11-22 06:14:52 +0000,"OrderedDict([('pass', 1)])"
2017-11-23 06:25:49 +0000,"OrderedDict([('pass', 1)])"
2017-11-24 06:13:09 +0000,"OrderedDict([('pass', 1)])"
2017-11-25 06:12:27 +0000,"OrderedDict([('pass', 1)])"
2017-11-29 06:14:25 +0000,"OrderedDict([('pass', 1)])"
2017-11-30 06:23:47 +0000,"OrderedDict([('pass', 1)])"
2017-12-01 06:18:23 +0000,"OrderedDict([('pass', 1)])"
2017-12-05 06:21:39 +0000,"OrderedDict([('pass', 1)])"
2017-12-06 06:18:28 +0000,"OrderedDict([('pass', 1)])"
2017-12-07 07:49:11 +0000,"OrderedDict([('pass', 1)])"
2017-12-08 07:15:15 +0000,"OrderedDict([('pass', 1)])"
2017-12-09 07:08:50 +0000,"OrderedDict([('pass', 1)])"
2017-12-10 07:20:17 +0000,"OrderedDict([('pass', 1)])"
2017-12-12 06:30:01 +0000,"OrderedDict([('pass', 1)])"
2017-12-13 06:24:28 +0000,"OrderedDict([('pass', 1)])"
2017-12-14 07:08:22 +0000,"OrderedDict([('pass', 1)])"
2017-12-15 07:44:19 +0000,"OrderedDict([('pass', 1)])"
2017-12-19 06:16:37 +0000,"OrderedDict([('pass', 1)])"
2017-12-20 07:01:42 +0000,"OrderedDict([('pass', 1)])"
2017-12-21 07:02:28 +0000,"OrderedDict([('pass', 1)])"
2017-12-22 07:24:04 +0000,"OrderedDict([('pass', 1)])"
2017-12-23 07:29:24 +0000,"OrderedDict([('pass', 1)])"
2017-12-24 07:16:53 +0000,"OrderedDict([('pass', 1)])"
2017-12-25 07:14:22 +0000,"OrderedDict([('pass', 1)])"
2017-12-26 07:32:02 +0000,"OrderedDict([('pass', 1)])"
2017-12-27 07:41:21 +0000,"OrderedDict([('pass', 1)])"
2017-12-28 07:42:44 +0000,"OrderedDict([('pass', 1)])"
2017-12-30 06:27:35 +0000,"OrderedDict([('pass', 1)])"
2017-12-31 06:32:37 +0000,"OrderedDict([('pass', 1)])"
2018-01-03 06:31:35 +0000,"OrderedDict([('pass', 1)])"
2018-01-04 07:02:46 +0000,"OrderedDict([('pass', 1)])"
2018-01-06 08:01:49 +0000,"OrderedDict([('pass', 1)])"
2018-01-11 06:13:35 +0000,"OrderedDict([('pass', 1)])"
2018-01-12 06:28:21 +0000,"OrderedDict([('pass', 1)])"
2018-01-13 07:12:13 +0000,"OrderedDict([('pass', 1)])"
2018-01-15 06:43:57 +0000,"OrderedDict([('pass', 1)])"
2018-01-16 08:42:18 +0000,"OrderedDict([('pass', 1)])"
2018-01-19 06:26:40 +0000,"OrderedDict([('pass', 1)])"
2018-01-23 06:21:37 +0000,"OrderedDict([('pass', 1)])"
2018-01-24 06:43:14 +0000,"OrderedDict([('pass', 1)])"
2018-01-25 06:52:15 +0000,"OrderedDict([('pass', 1)])"
2018-01-26 07:27:50 +0000,"OrderedDict([('pass', 1)])"
2018-01-28 07:03:24 +0000,"OrderedDict([('pass', 1)])"
2018-01-29 07:28:53 +0000,"OrderedDict([('pass', 1)])"
2018-02-06 05:29:04 +0000,"OrderedDict([('pass', 1)])"
2018-02-16 05:14:58 +0000,"OrderedDict([('pass', 1)])"
2018-02-19 05:19:21 +0000,"OrderedDict([('pass', 1)])"
2018-02-25 05:15:56 +0000,"OrderedDict([('pass', 1)])"
2018-03-01 05:27:36 +0000,"OrderedDict([('pass', 1)])"
2018-03-04 05:26:08 +0000,"OrderedDict([('pass', 1)])"
2018-03-07 05:42:31 +0000,"OrderedDict([('pass', 1)])"
2018-03-10 05:38:57 +0000,"OrderedDict([('pass', 1)])"
2018-03-22 05:24:43 +0000,"OrderedDict([('pass', 1)])"
2018-03-25 06:19:36 +0100,"OrderedDict([('pass', 1)])"
2018-04-01 05:34:15 +0100,"OrderedDict([('pass', 1)])"
2018-04-04 05:34:29 +0100,"OrderedDict([('pass', 1)])"
2018-04-07 05:49:30 +0100,"OrderedDict([('pass', 1)])"
2018-04-22 05:15:17 +0100,"OrderedDict([('pass', 1)])"
2018-06-01 05:44:15 +0100,"OrderedDict([('pass', 1)])"
2018-06-04 05:24:39 +0100,"OrderedDict([('pass', 1)])"
2018-06-07 06:06:31 +0100,"OrderedDict([('pass', 1)])"
2018-06-25 05:53:05 +0100,"OrderedDict([('pass', 1)])"
2018-07-10 06:31:48 +0100,"OrderedDict([('pass', 1)])"
2018-07-16 06:27:33 +0100,"OrderedDict([('pass', 1)])"
2018-07-22 06:28:04 +0100,"OrderedDict([('pass', 1)])"
2018-07-25 06:33:35 +0100,"OrderedDict([('pass', 1)])"
2018-07-28 06:42:39 +0100,"OrderedDict([('pass', 1)])"
2018-08-01 06:05:11 +0100,"OrderedDict([('pass', 1)])"
2018-08-04 05:47:50 +0100,"OrderedDict([('pass', 1)])"
2018-08-07 06:16:22 +0100,"OrderedDict([('pass', 1)])"
2018-08-10 06:44:44 +0100,"OrderedDict([('pass', 1)])"
2018-08-13 06:18:24 +0100,"OrderedDict([('pass', 1)])"
2018-08-16 06:36:33 +0100,"OrderedDict([('pass', 1)])"
2018-08-19 06:01:25 +0100,"OrderedDict([('pass', 1)])"
2018-08-22 06:51:37 +0100,"OrderedDict([('pass', 1)])"
2018-08-25 06:24:08 +0100,"OrderedDict([('pass', 1)])"
2018-08-28 06:26:32 +0100,"OrderedDict([('pass', 1)])"
2018-09-01 05:58:49 +0100,"OrderedDict([('pass', 1)])"
2018-09-04 05:55:32 +0100,"OrderedDict([('pass', 1)])"
2018-09-07 05:52:57 +0100,"OrderedDict([('pass', 1)])"
2018-09-10 06:01:53 +0100,"OrderedDict([('pass', 1)])"
2018-09-13 05:45:39 +0100,"OrderedDict([('pass', 1)])"
2018-09-16 05:46:46 +0100,"OrderedDict([('pass', 1)])"
2018-09-19 06:33:00 +0100,"OrderedDict([('pass', 1)])"
2018-09-22 05:54:16 +0100,"OrderedDict([('pass', 1)])"
2018-09-25 05:59:08 +0100,"OrderedDict([('pass', 1)])"
2018-10-04 06:11:36 +0100,"OrderedDict([('pass', 1)])"
2018-10-07 06:27:15 +0100,"OrderedDict([('pass', 1)])"
2018-10-10 06:46:32 +0100,"OrderedDict([('pass', 1)])"
2018-10-13 05:53:53 +0100,"OrderedDict([('pass', 1)])"
2018-10-16 06:26:10 +0100,"OrderedDict([('pass', 1)])"
2018-10-19 07:06:25 +0100,"OrderedDict([('pass', 1)])"
2018-10-22 07:10:20 +0100,"OrderedDict([('pass', 1)])"
2018-10-25 06:00:59 +0100,"OrderedDict([('pass', 1)])"
2018-10-28 05:13:53 +0000,"OrderedDict([('pass', 1)])"
2018-11-01 06:49:27 +0000,"OrderedDict([('pass', 1)])"
2018-11-04 06:12:54 +0000,"OrderedDict([('pass', 1)])"
2018-11-07 06:03:06 +0000,"OrderedDict([('pass', 1)])"
2018-11-10 06:10:02 +0000,"OrderedDict([('pass', 1)])"
2018-11-13 06:13:10 +0000,"OrderedDict([('pass', 1)])"
2018-11-16 06:06:18 +0000,"OrderedDict([('pass', 1)])"
2018-11-19 06:13:27 +0000,"OrderedDict([('pass', 1)])"
2018-11-22 06:43:41 +0000,"OrderedDict([('pass', 1)])"
2018-11-25 06:14:56 +0000,"OrderedDict([('pass', 1)])"
2018-12-01 06:23:51 +0000,"OrderedDict([('pass', 1)])"
2018-12-04 07:04:53 +0000,"OrderedDict([('pass', 1)])"
2018-12-07 06:14:22 +0000,"OrderedDict([('pass', 1)])"
2018-12-10 06:27:57 +0000,"OrderedDict([('pass', 1)])"
2018-12-13 06:31:09 +0000,"OrderedDict([('pass', 1)])"
2018-12-16 06:21:57 +0000,"OrderedDict([('pass', 1)])"
2018-12-19 06:31:52 +0000,"OrderedDict([('pass', 1)])"
2018-12-22 06:31:39 +0000,"OrderedDict([('pass', 1)])"
2018-12-25 06:50:52 +0000,"OrderedDict([('pass', 1)])"
2018-12-28 07:09:18 +0000,"OrderedDict([('pass', 1)])"
2019-01-01 06:51:12 +0000,"OrderedDict([('pass', 1)])"
2019-01-04 07:45:52 +0000,"OrderedDict([('pass', 1)])"
2019-01-07 06:36:52 +0000,"OrderedDict([('pass', 1)])"
2019-01-10 07:00:20 +0000,"OrderedDict([('pass', 1)])"
2019-01-13 06:51:08 +0000,"OrderedDict([('pass', 1)])"
2019-01-16 06:18:52 +0000,"OrderedDict([('pass', 1)])"
2019-01-25 06:27:52 +0000,"OrderedDict([('pass', 1)])"
2019-01-28 06:20:04 +0000,"OrderedDict([('pass', 1)])"
2019-02-01 06:43:11 +0000,"OrderedDict([('pass', 1)])"
2019-02-04 06:46:59 +0000,"OrderedDict([('pass', 1)])"
2019-02-07 06:28:15 +0000,"OrderedDict([('pass', 1)])"
2019-02-10 07:01:57 +0000,"OrderedDict([('pass', 1)])"
2019-02-13 06:35:54 +0000,"OrderedDict([('pass', 1)])"
2019-02-19 07:05:30 +0000,"OrderedDict([('pass', 1)])"
2019-02-22 06:55:53 +0000,"OrderedDict([('pass', 1)])"
2019-02-25 06:38:05 +0000,"OrderedDict([('pass', 1)])"
2019-03-01 06:43:32 +0000,"OrderedDict([('pass', 1)])"
2019-03-04 07:01:27 +0000,"OrderedDict([('pass', 1)])"
2019-03-07 07:15:07 +0000,"OrderedDict([('pass', 1)])"
2019-03-10 06:41:23 +0000,"OrderedDict([('pass', 1)])"
2019-03-13 06:35:04 +0000,"OrderedDict([('pass', 1)])"
2019-03-16 06:34:51 +0000,"OrderedDict([('pass', 1)])"
2019-03-19 06:42:23 +0000,"OrderedDict([('pass', 1)])"
2019-03-22 06:58:13 +0000,"OrderedDict([('pass', 1)])"
2019-03-25 06:50:58 +0000,"OrderedDict([('pass', 1)])"
2019-03-28 07:47:59 +0000,"OrderedDict([('pass', 1)])"
2019-04-01 07:40:45 +0100,"OrderedDict([('pass', 1)])"
2019-04-04 06:42:25 +0100,"OrderedDict([('pass', 1)])"
2019-04-07 06:51:48 +0100,"OrderedDict([('pass', 1)])"
2019-04-10 06:56:15 +0100,"OrderedDict([('pass', 1)])"
2019-04-16 11:24:05 +0100,"OrderedDict([('pass', 1)])"
2019-04-19 07:16:50 +0100,"OrderedDict([('pass', 1)])"
2019-04-22 07:00:26 +0100,"OrderedDict([('pass', 1)])"
2019-05-01 07:20:31 +0100,"OrderedDict([('pass', 1)])"
2019-05-04 07:15:27 +0100,"OrderedDict([('pass', 1)])"
2019-05-07 07:29:37 +0100,"OrderedDict([('pass', 1)])"
2019-05-10 07:10:29 +0100,"OrderedDict([('pass', 1)])"
2019-05-13 07:01:24 +0100,"OrderedDict([('pass', 1)])"
2019-05-16 07:14:22 +0100,"OrderedDict([('pass', 1)])"
2019-05-19 06:46:07 +0100,"OrderedDict([('pass', 1)])"
2019-06-13 07:03:22 +0100,"OrderedDict([('pass', 1)])"
2019-06-16 06:39:01 +0100,"OrderedDict([('pass', 1)])"
2019-06-19 06:09:05 +0100,"OrderedDict([('pass', 1)])"
2019-06-22 06:26:55 +0100,"OrderedDict([('pass', 1)])"
2019-06-25 06:11:17 +0100,"OrderedDict([('pass', 1)])"
2019-07-01 06:48:57 +0100,"OrderedDict([('pass', 1)])"
2019-07-04 07:07:36 +0100,"OrderedDict([('pass', 1)])"
2019-07-07 06:57:19 +0100,"OrderedDict([('pass', 1)])"
2019-07-10 06:59:56 +0100,"OrderedDict([('pass', 1)])"
2019-07-13 07:03:15 +0100,"OrderedDict([('pass', 1)])"
2019-07-16 06:54:44 +0100,"OrderedDict([('pass', 1)])"
2019-07-19 07:03:46 +0100,"OrderedDict([('pass', 1)])"
2019-07-22 07:26:34 +0100,"OrderedDict([('pass', 1)])"
2019-07-25 07:25:18 +0100,"OrderedDict([('pass', 1)])"
2019-07-28 08:06:14 +0100,"OrderedDict([('pass', 1)])"
2019-07-31 06:33:09 +0100,"OrderedDict([('pass', 1)])"
2019-08-01 07:04:31 +0100,"OrderedDict([('pass', 1)])"
2019-08-02 06:25:51 +0100,"OrderedDict([('pass', 1)])"
2019-08-03 06:23:45 +0100,"OrderedDict([('pass', 1)])"
2019-08-04 07:18:53 +0100,"OrderedDict([('pass', 1)])"
2019-08-05 06:13:25 +0100,"OrderedDict([('pass', 1)])"
2019-08-06 06:32:26 +0100,"OrderedDict([('pass', 1)])"
2019-08-07 06:38:59 +0100,"OrderedDict([('pass', 1)])"
2019-08-08 07:16:43 +0100,"OrderedDict([('pass', 1)])"
2019-08-09 06:20:39 +0100,"OrderedDict([('pass', 1)])"
2019-08-10 06:22:40 +0100,"OrderedDict([('pass', 1)])"
2019-08-11 07:18:29 +0100,"OrderedDict([('pass', 1)])"
2019-08-12 06:37:47 +0100,"OrderedDict([('pass', 1)])"
2019-08-13 08:02:12 +0100,"OrderedDict([('pass', 1)])"
2019-08-14 07:07:20 +0100,"OrderedDict([('pass', 1)])"
2019-08-15 06:48:04 +0100,"OrderedDict([('pass', 1)])"
2019-08-16 07:13:46 +0100,"OrderedDict([('pass', 1)])"
2019-08-17 06:01:35 +0100,"OrderedDict([('pass', 1)])"
2019-08-18 06:19:27 +0100,"OrderedDict([('pass', 1)])"
2019-08-19 07:12:43 +0100,"OrderedDict([('pass', 1)])"
2019-08-20 06:47:37 +0100,"OrderedDict([('pass', 1)])"
2019-08-21 06:59:05 +0100,"OrderedDict([('pass', 1)])"
2019-08-22 06:43:16 +0100,"OrderedDict([('pass', 1)])"
2019-08-23 06:29:29 +0100,"OrderedDict([('pass', 1)])"
2019-08-24 07:02:29 +0100,"OrderedDict([('pass', 1)])"
2019-08-25 07:23:01 +0100,"OrderedDict([('pass', 1)])"
2019-08-26 06:38:40 +0100,"OrderedDict([('pass', 1)])"
2019-08-27 06:06:19 +0100,"OrderedDict([('pass', 1)])"
2019-08-28 06:24:25 +0100,"OrderedDict([('pass', 1)])"
2019-08-29 06:18:33 +0100,"OrderedDict([('pass', 1)])"
2019-08-30 06:57:00 +0100,"OrderedDict([('pass', 1)])"
2019-08-31 07:21:42 +0100,"OrderedDict([('pass', 1)])"
2019-09-01 06:49:29 +0100,"OrderedDict([('pass', 1)])"
2019-09-02 07:51:11 +0100,"OrderedDict([('pass', 1)])"
2019-09-03 07:29:39 +0100,"OrderedDict([('pass', 1)])"
2019-09-04 06:17:51 +0100,"OrderedDict([('pass', 1)])"
2019-09-05 06:54:14 +0100,"OrderedDict([('pass', 1)])"
2019-09-06 07:45:40 +0100,"OrderedDict([('pass', 1)])"
2019-09-07 07:11:51 +0100,"OrderedDict([('pass', 1)])"
2019-09-08 07:03:55 +0100,"OrderedDict([('pass', 1)])"
2019-09-09 07:14:57 +0100,"OrderedDict([('pass', 1)])"
2019-09-10 06:46:30 +0100,"OrderedDict([('pass', 1)])"
2019-09-11 08:54:56 +0100,"OrderedDict([('pass', 1)])"
2019-09-12 05:58:56 +0100,"OrderedDict([('pass', 1)])"
2019-09-13 07:46:46 +0100,"OrderedDict([('pass', 1)])"
2019-09-14 07:31:29 +0100,"OrderedDict([('pass', 1)])"
2019-09-15 06:56:58 +0100,"OrderedDict([('pass', 1)])"
2019-09-16 07:12:25 +0100,"OrderedDict([('pass', 1)])"
2019-09-17 07:28:47 +0100,"OrderedDict([('pass', 1)])"
2019-09-18 07:41:15 +0100,"OrderedDict([('pass', 1)])"
2019-09-19 06:31:50 +0100,"OrderedDict([('pass', 1)])"
2019-09-20 06:53:53 +0100,"OrderedDict([('pass', 1)])"
2019-09-21 07:05:33 +0100,"OrderedDict([('pass', 1)])"
2019-09-23 07:35:39 +0100,"OrderedDict([('pass', 1)])"
2019-09-24 06:05:26 +0100,"OrderedDict([('pass', 1)])"
2019-09-25 06:48:18 +0100,"OrderedDict([('pass', 1)])"
2019-09-26 05:58:13 +0100,"OrderedDict([('pass', 1)])"
2019-09-27 05:59:54 +0100,"OrderedDict([('pass', 1)])"
2019-09-28 05:34:54 +0100,"OrderedDict([('pass', 1)])"
2019-09-29 06:13:51 +0100,"OrderedDict([('pass', 1)])"
2019-09-30 06:26:08 +0100,"OrderedDict([('pass', 1)])"
2019-10-01 06:16:35 +0100,"OrderedDict([('pass', 1)])"
2019-10-02 06:22:22 +0100,"OrderedDict([('pass', 1)])"
2019-10-03 07:08:19 +0100,"OrderedDict([('pass', 1)])"
2019-10-04 06:46:12 +0100,"OrderedDict([('pass', 1)])"
2019-10-05 08:16:40 +0100,"OrderedDict([('pass', 1)])"
2019-10-06 06:29:24 +0100,"OrderedDict([('pass', 1)])"
2019-10-07 06:08:49 +0100,"OrderedDict([('pass', 1)])"
2019-10-08 06:12:38 +0100,"OrderedDict([('pass', 1)])"
2019-10-09 06:58:01 +0100,"OrderedDict([('pass', 1)])"
2019-10-10 07:37:00 +0100,"OrderedDict([('pass', 1)])"
2019-10-11 06:54:54 +0100,"OrderedDict([('pass', 1)])"
2019-10-12 07:38:37 +0100,"OrderedDict([('pass', 1)])"
2019-10-13 06:31:56 +0100,"OrderedDict([('pass', 1)])"
2019-10-14 08:17:59 +0100,"OrderedDict([('pass', 1)])"
2019-10-15 06:32:44 +0100,"OrderedDict([('pass', 1)])"
2019-10-16 06:27:08 +0100,"OrderedDict([('pass', 1)])"
2019-10-17 06:16:04 +0100,"OrderedDict([('pass', 1)])"
2019-10-18 06:25:35 +0100,"OrderedDict([('pass', 1)])"
2019-10-19 06:21:29 +0100,"OrderedDict([('pass', 1)])"
2019-10-20 05:47:08 +0100,"OrderedDict([('pass', 1)])"
2019-10-21 06:14:33 +0100,"OrderedDict([('pass', 1)])"
2019-10-22 16:53:31 +0100,"OrderedDict([('pass', 1)])"
2019-10-23 17:21:53 +0100,"OrderedDict([('pass', 1)])"
2019-10-24 17:26:35 +0100,"OrderedDict([('pass', 1)])"
2019-10-25 18:12:02 +0100,"OrderedDict([('pass', 1)])"
2019-10-26 21:57:51 +0100,"OrderedDict([('pass', 1)])"
2019-10-28 01:00:38 +0000,"OrderedDict([('pass', 1)])"
2019-10-28 17:42:43 +0000,"OrderedDict([('pass', 1)])"
2019-10-29 18:04:47 +0000,"OrderedDict([('pass', 1)])"
2019-10-30 18:25:04 +0000,"OrderedDict([('pass', 1)])"
2019-10-31 18:06:55 +0000,"OrderedDict([('pass', 1)])"
2019-11-01 17:41:08 +0000,"OrderedDict([('pass', 1)])"
2019-11-02 22:04:42 +0000,"OrderedDict([('pass', 1)])"
2019-11-03 23:19:10 +0000,"OrderedDict([('pass', 1)])"
2019-11-04 16:01:46 +0000,"OrderedDict([('pass', 1)])"
2019-11-05 17:19:25 +0000,"OrderedDict([('pass', 1)])"
2019-11-06 16:23:23 +0000,"OrderedDict([('pass', 1)])"
2019-11-07 16:46:51 +0000,"OrderedDict([('pass', 1)])"
2019-11-08 17:07:31 +0000,"OrderedDict([('pass', 1)])"
2019-11-09 21:02:42 +0000,"OrderedDict([('pass', 1)])"
2019-11-10 22:54:59 +0000,"OrderedDict([('pass', 1)])"
2019-11-11 16:27:32 +0000,"OrderedDict([('pass', 1)])"
2019-11-12 17:35:10 +0000,"OrderedDict([('pass', 1)])"
2019-11-13 16:56:25 +0000,"OrderedDict([('pass', 1)])"
2019-11-14 16:58:07 +0000,"OrderedDict([('pass', 1)])"
2019-11-15 17:53:39 +0000,"OrderedDict([('pass', 1)])"
2019-11-16 21:29:05 +0000,"OrderedDict([('pass', 1)])"
2019-11-17 21:36:16 +0000,"OrderedDict([('pass', 1)])"
2019-11-18 16:07:32 +0000,"OrderedDict([('pass', 1)])"
2019-11-19 17:14:40 +0000,"OrderedDict([('pass', 1)])"
2019-11-20 17:22:49 +0000,"OrderedDict([('pass', 1)])"
2019-11-21 18:02:58 +0000,"OrderedDict([('pass', 1)])"
2019-11-22 17:52:19 +0000,"OrderedDict([('pass', 1)])"
2019-11-23 23:26:43 +0000,"OrderedDict([('pass', 1)])"
2019-11-24 21:53:13 +0000,"OrderedDict([('pass', 1)])"
2019-11-25 16:33:18 +0000,"OrderedDict([('pass', 1)])"
2019-11-26 16:14:28 +0000,"OrderedDict([('pass', 1)])"
2019-11-27 16:52:45 +0000,"OrderedDict([('pass', 1)])"
2019-11-28 16:13:07 +0000,"OrderedDict([('pass', 1)])"
2019-11-29 17:40:38 +0000,"OrderedDict([('pass', 1)])"
2019-11-30 21:39:40 +0000,"OrderedDict([('pass', 1)])"
2019-12-01 21:56:16 +0000,"OrderedDict([('pass', 1)])"
2019-12-02 17:24:15 +0000,"OrderedDict([('pass', 1)])"
2019-12-03 17:16:21 +0000,"OrderedDict([('pass', 1)])"
2019-12-04 17:03:16 +0000,"OrderedDict([('pass', 1)])"
2019-12-05 16:34:28 +0000,"OrderedDict([('pass', 1)])"
2019-12-06 16:36:23 +0000,"OrderedDict([('pass', 1)])"
2019-12-07 18:40:57 +0000,"OrderedDict([('pass', 1)])"
2019-12-08 17:53:08 +0000,"OrderedDict([('pass', 1)])"
2019-12-09 16:29:52 +0000,"OrderedDict([('pass', 1)])"
2019-12-10 17:18:16 +0000,"OrderedDict([('pass', 1)])"
2019-12-11 16:57:32 +0000,"OrderedDict([('pass', 1)])"
2019-12-12 16:31:11 +0000,"OrderedDict([('pass', 1)])"
2019-12-13 16:50:16 +0000,"OrderedDict([('pass', 1)])"
2019-12-14 18:36:31 +0000,"OrderedDict([('pass', 1)])"
2019-12-15 17:55:28 +0000,"OrderedDict([('pass', 1)])"
2019-12-16 16:51:46 +0000,"OrderedDict([('pass', 1)])"
2019-12-17 16:45:52 +0000,"OrderedDict([('pass', 1)])"
2019-12-18 16:56:55 +0000,"OrderedDict([('pass', 1)])"
2019-12-19 16:57:09 +0000,"OrderedDict([('pass', 1)])"
2019-12-20 17:14:51 +0000,"OrderedDict([('pass', 1)])"
2019-12-21 16:44:47 +0000,"OrderedDict([('pass', 1)])"
2019-12-22 16:50:14 +0000,"OrderedDict([('pass', 1)])"
2019-12-23 16:54:49 +0000,"OrderedDict([('pass', 1)])"
2019-12-24 16:52:09 +0000,"OrderedDict([('pass', 1)])"
2019-12-25 16:41:58 +0000,"OrderedDict([('pass', 1)])"
2019-12-26 17:07:04 +0000,"OrderedDict([('pass', 1)])"
2019-12-27 16:43:40 +0000,"OrderedDict([('pass', 1)])"
2019-12-28 16:47:43 +0000,"OrderedDict([('pass', 1)])"
2019-12-29 17:19:36 +0000,"OrderedDict([('pass', 1)])"
2019-12-30 16:40:30 +0000,"OrderedDict([('pass', 1)])"
2019-12-31 16:10:30 +0000,"OrderedDict([('pass', 1)])"
2020-01-01 17:07:57 +0000,"OrderedDict([('pass', 1)])"
2020-01-02 16:33:23 +0000,"OrderedDict([('pass', 1)])"
2020-01-03 16:02:19 +0000,"OrderedDict([('pass', 1)])"
2020-01-04 17:04:28 +0000,"OrderedDict([('pass', 1)])"
2020-01-05 17:28:22 +0000,"OrderedDict([('pass', 1)])"
2020-01-06 16:08:05 +0000,"OrderedDict([('pass', 1)])"
2020-01-07 16:03:08 +0000,"OrderedDict([('pass', 1)])"
2020-01-08 16:26:56 +0000,"OrderedDict([('pass', 1)])"
2020-01-09 15:33:40 +0000,"OrderedDict([('pass', 1)])"
2020-01-10 15:56:36 +0000,"OrderedDict([('pass', 1)])"
2020-01-11 18:48:48 +0000,"OrderedDict([('pass', 1)])"
2020-01-12 18:40:57 +0000,"OrderedDict([('pass', 1)])"
2020-01-13 16:12:39 +0000,"OrderedDict([('pass', 1)])"
2020-01-14 16:23:56 +0000,"OrderedDict([('pass', 1)])"
2020-01-15 16:22:56 +0000,"OrderedDict([('pass', 1)])"
2020-01-16 15:56:23 +0000,"OrderedDict([('pass', 1)])"
2020-01-17 16:19:59 +0000,"OrderedDict([('pass', 1)])"
2020-01-18 19:55:28 +0000,"OrderedDict([('pass', 1)])"
2020-01-19 20:34:44 +0000,"OrderedDict([('pass', 1)])"
2020-01-20 16:10:09 +0000,"OrderedDict([('pass', 1)])"
2020-01-21 16:39:29 +0000,"OrderedDict([('pass', 1)])"
2020-01-22 16:31:27 +0000,"OrderedDict([('pass', 1)])"
2020-01-23 17:31:25 +0000,"OrderedDict([('pass', 1)])"
2020-01-24 18:16:51 +0000,"OrderedDict([('pass', 1)])"
2020-01-25 23:54:01 +0000,"OrderedDict([('pass', 1)])"
2020-01-27 00:18:09 +0000,"OrderedDict([('pass', 1)])"
2020-01-27 18:35:57 +0000,"OrderedDict([('pass', 1)])"
2020-01-28 18:37:59 +0000,"OrderedDict([('pass', 1)])"
2020-01-29 16:16:10 +0000,"OrderedDict([('pass', 1)])"
2020-01-30 16:15:20 +0000,"OrderedDict([('pass', 1)])"
2020-01-31 16:13:51 +0000,"OrderedDict([('pass', 1)])"
2020-02-01 16:28:47 +0000,"OrderedDict([('pass', 1)])"
2020-02-02 16:06:23 +0000,"OrderedDict([('pass', 1)])"
2020-02-03 16:34:02 +0000,"OrderedDict([('pass', 1)])"
2020-02-04 16:37:06 +0000,"OrderedDict([('pass', 1)])"
2020-02-05 16:50:08 +0000,"OrderedDict([('pass', 1)])"
2020-02-06 16:36:49 +0000,"OrderedDict([('pass', 1)])"
2020-02-07 16:21:45 +0000,"OrderedDict([('pass', 1)])"
2020-02-08 16:02:08 +0000,"OrderedDict([('pass', 1)])"
2020-02-09 15:47:00 +0000,"OrderedDict([('pass', 1)])"
2020-02-10 16:12:12 +0000,"OrderedDict([('pass', 1)])"
2020-02-11 16:22:12 +0000,"OrderedDict([('pass', 1)])"
2020-02-12 16:14:22 +0000,"OrderedDict([('pass', 1)])"
2020-02-13 15:59:43 +0000,"OrderedDict([('pass', 1)])"
2020-02-14 16:09:51 +0000,"OrderedDict([('pass', 1)])"
2020-02-15 15:58:54 +0000,"OrderedDict([('pass', 1)])"
2020-02-16 17:22:44 +0000,"OrderedDict([('pass', 1)])"
2020-02-17 17:05:32 +0000,"OrderedDict([('pass', 1)])"
2020-02-18 15:57:00 +0000,"OrderedDict([('pass', 1)])"
2020-02-19 16:01:21 +0000,"OrderedDict([('pass', 1)])"
2020-02-20 15:57:22 +0000,"OrderedDict([('pass', 1)])"
2020-02-21 16:10:00 +0000,"OrderedDict([('pass', 1)])"
2020-02-22 16:16:29 +0000,"OrderedDict([('pass', 1)])"
2020-02-23 15:52:21 +0000,"OrderedDict([('pass', 1)])"
2020-02-24 15:58:15 +0000,"OrderedDict([('pass', 1)])"
2020-02-25 16:01:36 +0000,"OrderedDict([('pass', 1)])"
2020-02-26 15:47:55 +0000,"OrderedDict([('pass', 1)])"
2020-02-27 15:50:19 +0000,"OrderedDict([('pass', 1)])"
2020-02-28 15:35:48 +0000,"OrderedDict([('pass', 1)])"
2020-02-29 15:31:36 +0000,"OrderedDict([('pass', 1)])"
2020-03-01 16:01:53 +0000,"OrderedDict([('pass', 1)])"
2020-03-02 16:39:40 +0000,"OrderedDict([('pass', 1)])"
2020-03-03 15:48:54 +0000,"OrderedDict([('pass', 1)])"
2020-03-04 15:51:47 +0000,"OrderedDict([('pass', 1)])"
2020-03-05 15:50:35 +0000,"OrderedDict([('pass', 1)])"
2020-03-06 15:43:09 +0000,"OrderedDict([('pass', 1)])"
2020-03-07 15:42:04 +0000,"OrderedDict([('pass', 1)])"
2020-03-08 15:51:31 +0000,"OrderedDict([('pass', 1)])"
2020-03-09 15:23:30 +0000,"OrderedDict([('pass', 1)])"
2020-03-10 15:30:12 +0000,"OrderedDict([('pass', 1)])"
2020-03-11 15:43:48 +0000,"OrderedDict([('pass', 1)])"
2020-03-12 16:26:20 +0000,"OrderedDict([('pass', 1)])"
2020-03-13 15:48:20 +0000,"OrderedDict([('pass', 1)])"
2020-03-14 15:36:27 +0000,"OrderedDict([('pass', 1)])"
2020-03-15 15:41:14 +0000,"OrderedDict([('pass', 1)])"
2020-03-16 15:33:36 +0000,"OrderedDict([('pass', 1)])"
2020-03-17 15:53:41 +0000,"OrderedDict([('pass', 1)])"
2020-03-18 15:44:15 +0000,"OrderedDict([('pass', 1)])"
2020-03-19 15:45:30 +0000,"OrderedDict([('pass', 1)])"
2020-03-20 15:55:23 +0000,"OrderedDict([('pass', 1)])"
2020-03-21 16:00:48 +0000,"OrderedDict([('pass', 1)])"
2020-03-22 16:02:38 +0000,"OrderedDict([('pass', 1)])"
2020-03-23 15:39:54 +0000,"OrderedDict([('pass', 1)])"
2020-03-24 15:34:28 +0000,"OrderedDict([('pass', 1)])"
2020-03-25 16:46:55 +0000,"OrderedDict([('pass', 1)])"
2020-03-26 16:29:46 +0000,"OrderedDict([('pass', 1)])"
2020-03-27 17:51:57 +0000,"OrderedDict([('pass', 1)])"
2020-03-28 15:45:56 +0000,"OrderedDict([('pass', 1)])"
2020-03-29 15:49:29 +0100,"OrderedDict([('pass', 1)])"
2020-03-30 15:26:17 +0100,"OrderedDict([('pass', 1)])"
2020-03-31 15:16:08 +0100,"OrderedDict([('pass', 1)])"
2020-04-01 15:01:28 +0100,"OrderedDict([('pass', 1)])"
2020-04-02 14:53:38 +0100,"OrderedDict([('pass', 1)])"
2020-04-03 15:03:48 +0100,"OrderedDict([('pass', 1)])"
2020-04-04 14:56:18 +0100,"OrderedDict([('pass', 1)])"
2020-04-05 14:54:14 +0100,"OrderedDict([('pass', 1)])"
2020-04-06 14:55:48 +0100,"OrderedDict([('pass', 1)])"
2020-04-07 14:56:56 +0100,"OrderedDict([('pass', 1)])"
2020-04-08 15:02:31 +0100,"OrderedDict([('pass', 1)])"
2020-04-09 14:53:16 +0100,"OrderedDict([('pass', 1)])"
2020-04-10 14:52:04 +0100,"OrderedDict([('pass', 1)])"
2020-04-11 14:48:24 +0100,"OrderedDict([('pass', 1)])"
2020-04-12 14:47:34 +0100,"OrderedDict([('pass', 1)])"
2020-04-13 14:50:41 +0100,"OrderedDict([('pass', 1)])"
2020-04-14 14:46:21 +0100,"OrderedDict([('pass', 1)])"
2020-04-15 14:56:15 +0100,"OrderedDict([('pass', 1)])"
2020-04-16 15:00:16 +0100,"OrderedDict([('pass', 1)])"
2020-04-17 15:21:56 +0100,"OrderedDict([('pass', 1)])"
2020-04-18 14:46:18 +0100,"OrderedDict([('pass', 1)])"
2020-04-19 14:43:03 +0100,"OrderedDict([('pass', 1)])"
2020-04-20 14:44:43 +0100,"OrderedDict([('pass', 1)])"
2020-04-21 14:47:49 +0100,"OrderedDict([('pass', 1)])"
2020-04-22 14:52:17 +0100,"OrderedDict([('pass', 1)])"
2020-04-23 14:52:00 +0100,"OrderedDict([('pass', 1)])"
2020-04-24 14:52:20 +0100,"OrderedDict([('pass', 1)])"
2020-04-25 14:50:30 +0100,"OrderedDict([('pass', 1)])"
2020-04-26 14:46:13 +0100,"OrderedDict([('pass', 1)])"
2020-04-27 14:47:18 +0100,"OrderedDict([('pass', 1)])"
2020-04-28 14:54:20 +0100,"OrderedDict([('pass', 1)])"
2020-04-29 14:52:36 +0100,"OrderedDict([('pass', 1)])"
2020-04-30 15:02:37 +0100,"OrderedDict([('pass', 1)])"
2020-05-01 14:52:08 +0100,"OrderedDict([('pass', 1)])"
2020-05-02 14:47:17 +0100,"OrderedDict([('pass', 1)])"
2020-05-03 14:58:38 +0100,"OrderedDict([('pass', 1)])"
2020-05-04 14:56:42 +0100,"OrderedDict([('pass', 1)])"
2020-05-05 15:20:52 +0100,"OrderedDict([('pass', 1)])"
2020-05-06 15:00:36 +0100,"OrderedDict([('pass', 1)])"
2020-05-07 14:55:14 +0100,"OrderedDict([('pass', 1)])"
2020-05-08 14:58:51 +0100,"OrderedDict([('pass', 1)])"
2020-05-09 14:53:31 +0100,"OrderedDict([('pass', 1)])"
2020-05-10 14:57:50 +0100,"OrderedDict([('pass', 1)])"
2020-05-11 14:58:37 +0100,"OrderedDict([('pass', 1)])"
2020-05-12 14:59:51 +0100,"OrderedDict([('pass', 1)])"
2020-05-13 15:05:42 +0100,"OrderedDict([('pass', 1)])"
2020-05-14 15:08:14 +0100,"OrderedDict([('pass', 1)])"
2020-05-15 15:05:09 +0100,"OrderedDict([('pass', 1)])"
2020-05-16 15:01:11 +0100,"OrderedDict([('pass', 1)])"
2020-05-17 14:52:59 +0100,"OrderedDict([('pass', 1)])"
2020-05-18 14:59:10 +0100,"OrderedDict([('pass', 1)])"
2020-05-19 15:25:51 +0100,"OrderedDict([('pass', 1)])"
2020-05-20 14:56:45 +0100,"OrderedDict([('pass', 1)])"
2020-05-21 14:57:19 +0100,"OrderedDict([('pass', 1)])"
2020-05-22 14:54:52 +0100,"OrderedDict([('pass', 1)])"
2020-05-23 14:53:52 +0100,"OrderedDict([('pass', 1)])"
2020-05-24 14:51:52 +0100,"OrderedDict([('pass', 1)])"
2020-05-25 14:55:26 +0100,"OrderedDict([('pass', 1)])"
2020-05-26 14:58:58 +0100,"OrderedDict([('pass', 1)])"
2020-05-27 14:59:15 +0100,"OrderedDict([('pass', 1)])"
2020-05-28 15:39:35 +0100,"OrderedDict([('pass', 1)])"
2020-05-29 14:54:04 +0100,"OrderedDict([('pass', 1)])"
2020-05-30 14:53:12 +0100,"OrderedDict([('pass', 1)])"
2020-05-31 14:54:20 +0100,"OrderedDict([('pass', 1)])"
2020-06-01 14:58:22 +0100,"OrderedDict([('pass', 1)])"
2020-06-02 15:07:51 +0100,"OrderedDict([('pass', 1)])"
2020-06-03 14:51:31 +0100,"OrderedDict([('pass', 1)])"
2020-06-04 15:01:11 +0100,"OrderedDict([('pass', 1)])"
2020-06-05 14:53:17 +0100,"OrderedDict([('pass', 1)])"
2020-06-06 15:15:26 +0100,"OrderedDict([('pass', 1)])"
2020-06-07 15:20:09 +0100,"OrderedDict([('pass', 1)])"
2020-06-08 15:34:08 +0100,"OrderedDict([('pass', 1)])"
2020-06-09 15:19:06 +0100,"OrderedDict([('pass', 1)])"
2020-06-10 15:20:14 +0100,"OrderedDict([('pass', 1)])"
2020-06-11 15:23:33 +0100,"OrderedDict([('pass', 1)])"
2020-06-12 15:23:47 +0100,"OrderedDict([('pass', 1)])"
2020-06-13 15:29:11 +0100,"OrderedDict([('pass', 1)])"
2020-06-14 15:22:48 +0100,"OrderedDict([('pass', 1)])"
2020-06-15 15:23:45 +0100,"OrderedDict([('pass', 1)])"
2020-06-16 15:22:30 +0100,"OrderedDict([('pass', 1)])"
2020-06-17 15:31:42 +0100,"OrderedDict([('pass', 1)])"
2020-06-18 15:16:50 +0100,"OrderedDict([('pass', 1)])"
2020-06-19 15:20:33 +0100,"OrderedDict([('pass', 1)])"
2020-06-20 15:25:09 +0100,"OrderedDict([('pass', 1)])"
2020-06-21 15:27:46 +0100,"OrderedDict([('pass', 1)])"
2020-06-22 15:22:15 +0100,"OrderedDict([('pass', 1)])"
2020-06-23 15:21:49 +0100,"OrderedDict([('pass', 1)])"
2020-06-24 15:28:24 +0100,"OrderedDict([('pass', 1)])"
2020-06-25 15:25:21 +0100,"OrderedDict([('pass', 1)])"
2020-06-26 15:13:35 +0100,"OrderedDict([('pass', 1)])"
2020-06-27 15:24:59 +0100,"OrderedDict([('pass', 1)])"
2020-06-28 15:10:58 +0100,"OrderedDict([('pass', 1)])"
2020-06-29 15:11:08 +0100,"OrderedDict([('pass', 1)])"
2020-06-30 15:21:27 +0100,"OrderedDict([('pass', 1)])"
2020-07-01 15:18:58 +0100,"OrderedDict([('pass', 1)])"
2020-07-02 15:18:19 +0100,"OrderedDict([('pass', 1)])"
2020-07-03 15:08:38 +0100,"OrderedDict([('pass', 1)])"
2020-07-04 15:10:00 +0100,"OrderedDict([('pass', 1)])"
2020-07-05 15:07:03 +0100,"OrderedDict([('pass', 1)])"
2020-07-06 15:09:49 +0100,"OrderedDict([('pass', 1)])"
2020-07-07 15:16:50 +0100,"OrderedDict([('pass', 1)])"
2020-07-08 15:12:56 +0100,"OrderedDict([('pass', 1)])"
2020-07-13 19:36:57 +0100,"OrderedDict([('pass', 1)])"
2020-07-14 19:25:53 +0100,"OrderedDict([('pass', 1)])"
2020-07-15 19:14:39 +0100,"OrderedDict([('pass', 1)])"
2020-07-16 19:16:24 +0100,"OrderedDict([('pass', 1)])"
2020-07-17 19:36:04 +0100,"OrderedDict([('pass', 1)])"
2020-07-18 19:19:22 +0100,"OrderedDict([('pass', 1)])"
2020-07-19 19:18:47 +0100,"OrderedDict([('pass', 1)])"
2020-07-20 19:22:52 +0100,"OrderedDict([('pass', 1)])"
2020-07-21 19:22:41 +0100,"OrderedDict([('pass', 1)])"
2020-07-22 19:24:15 +0100,"OrderedDict([('pass', 1)])"
2020-07-23 19:27:51 +0100,"OrderedDict([('pass', 1)])"
2020-07-24 19:25:43 +0100,"OrderedDict([('pass', 1)])"
2020-07-25 19:21:55 +0100,"OrderedDict([('pass', 1)])"
2020-07-26 19:18:27 +0100,"OrderedDict([('pass', 1)])"
2020-07-27 19:35:13 +0100,"OrderedDict([('pass', 1)])"
2020-07-28 20:35:34 +0100,"OrderedDict([('pass', 1)])"
2020-07-29 19:25:42 +0100,"OrderedDict([('pass', 1)])"
2020-07-30 19:28:48 +0100,"OrderedDict([('pass', 1)])"
2020-07-31 19:25:30 +0100,"OrderedDict([('pass', 1)])"
2020-08-02 19:30:26 +0100,"OrderedDict([('pass', 1)])"
2020-08-03 19:31:35 +0100,"OrderedDict([('pass', 1)])"
2020-08-04 19:26:21 +0100,"OrderedDict([('pass', 1)])"
2020-08-05 19:24:13 +0100,"OrderedDict([('pass', 1)])"
2020-08-06 19:24:27 +0100,"OrderedDict([('pass', 1)])"
2020-08-07 19:26:28 +0100,"OrderedDict([('pass', 1)])"
2020-08-08 19:23:40 +0100,"OrderedDict([('pass', 1)])"
2020-08-09 19:22:58 +0100,"OrderedDict([('pass', 1)])"
2020-08-10 19:22:43 +0100,"OrderedDict([('pass', 1)])"
2020-08-11 19:26:14 +0100,"OrderedDict([('pass', 1)])"
2020-08-12 19:31:23 +0100,"OrderedDict([('pass', 1)])"
2020-08-13 19:29:57 +0100,"OrderedDict([('pass', 1)])"
2020-08-14 19:47:20 +0100,"OrderedDict([('pass', 1)])"
2020-08-15 19:35:11 +0100,"OrderedDict([('pass', 1)])"
2020-08-16 19:23:27 +0100,"OrderedDict([('pass', 1)])"
2020-08-17 19:50:53 +0100,"OrderedDict([('pass', 1)])"
2020-08-18 19:21:06 +0100,"OrderedDict([('pass', 1)])"
2020-08-19 19:22:36 +0100,"OrderedDict([('pass', 1)])"
2020-08-20 19:25:06 +0100,"OrderedDict([('pass', 1)])"
2020-08-21 19:37:32 +0100,"OrderedDict([('pass', 1)])"
2020-08-22 19:23:49 +0100,"OrderedDict([('pass', 1)])"
2020-08-23 19:27:35 +0100,"OrderedDict([('pass', 1)])"
2020-08-24 19:31:22 +0100,"OrderedDict([('pass', 1)])"
2020-08-25 20:08:02 +0100,"OrderedDict([('pass', 1)])"
2020-08-26 19:23:13 +0100,"OrderedDict([('pass', 1)])"
2020-08-27 19:30:38 +0100,"OrderedDict([('pass', 1)])"
2020-08-28 19:36:11 +0100,"OrderedDict([('pass', 1)])"
2020-08-29 19:28:05 +0100,"OrderedDict([('pass', 1)])"
2020-08-30 19:30:30 +0100,"OrderedDict([('pass', 1)])"
2020-08-31 19:26:19 +0100,"OrderedDict([('pass', 1)])"
2020-09-01 19:30:23 +0100,"OrderedDict([('pass', 1)])"
2020-09-02 19:29:13 +0100,"OrderedDict([('pass', 1)])"
2020-09-03 19:23:52 +0100,"OrderedDict([('pass', 1)])"
2020-09-04 19:25:11 +0100,"OrderedDict([('pass', 1)])"
2020-09-05 19:22:10 +0100,"OrderedDict([('pass', 1)])"
2020-09-06 19:17:13 +0100,"OrderedDict([('pass', 1)])"
2020-09-07 19:20:48 +0100,"OrderedDict([('pass', 1)])"
2020-09-08 19:15:16 +0100,"OrderedDict([('pass', 1)])"
2020-09-09 19:18:45 +0100,"OrderedDict([('pass', 1)])"
2020-09-10 19:21:06 +0100,"OrderedDict([('pass', 1)])"
2020-09-11 19:13:48 +0100,"OrderedDict([('pass', 1)])"
2020-09-12 19:16:21 +0100,"OrderedDict([('pass', 1)])"
2020-09-13 19:16:55 +0100,"OrderedDict([('pass', 1)])"
2020-09-14 19:12:48 +0100,"OrderedDict([('pass', 1)])"
2020-09-15 19:10:38 +0100,"OrderedDict([('pass', 1)])"
2020-09-16 19:14:39 +0100,"OrderedDict([('pass', 1)])"
2020-09-17 19:26:59 +0100,"OrderedDict([('pass', 1)])"
2020-09-18 19:10:16 +0100,"OrderedDict([('pass', 1)])"
2020-09-19 19:24:05 +0100,"OrderedDict([('pass', 1)])"
2020-09-20 20:06:13 +0100,"OrderedDict([('pass', 1)])"
2020-09-21 19:12:35 +0100,"OrderedDict([('pass', 1)])"
2020-09-22 19:14:25 +0100,"OrderedDict([('pass', 1)])"
2020-09-23 19:17:37 +0100,"OrderedDict([('pass', 1)])"
2020-09-24 19:17:06 +0100,"OrderedDict([('pass', 1)])"
2020-09-25 19:12:57 +0100,"OrderedDict([('pass', 1)])"
2020-09-26 19:16:01 +0100,"OrderedDict([('pass', 1)])"
2020-09-27 19:14:10 +0100,"OrderedDict([('pass', 1)])"
2020-09-28 19:14:46 +0100,"OrderedDict([('pass', 1)])"
2020-09-29 19:16:19 +0100,"OrderedDict([('pass', 1)])"
2020-09-30 19:14:19 +0100,"OrderedDict([('pass', 1)])"
2020-10-01 19:20:57 +0100,"OrderedDict([('pass', 1)])"
2020-10-02 19:19:54 +0100,"OrderedDict([('pass', 1)])"
2020-10-03 19:16:41 +0100,"OrderedDict([('pass', 1)])"
2020-10-04 19:16:09 +0100,"OrderedDict([('pass', 1)])"
2020-10-05 19:13:11 +0100,"OrderedDict([('pass', 1)])"
2020-10-06 19:15:51 +0100,"OrderedDict([('pass', 1)])"
2020-10-07 19:15:46 +0100,"OrderedDict([('pass', 1)])"
2020-10-08 19:17:15 +0100,"OrderedDict([('pass', 1)])"
2020-10-09 19:17:00 +0100,"OrderedDict([('pass', 1)])"
2020-10-10 19:13:18 +0100,"OrderedDict([('pass', 1)])"
2020-10-11 19:10:55 +0100,"OrderedDict([('pass', 1)])"
2020-10-12 19:14:45 +0100,"OrderedDict([('pass', 1)])"
2020-10-13 19:12:29 +0100,"OrderedDict([('pass', 1)])"
2020-10-14 19:41:12 +0100,"OrderedDict([('pass', 1)])"
2020-10-15 19:59:18 +0100,"OrderedDict([('pass', 1)])"
2020-10-16 20:52:19 +0100,"OrderedDict([('pass', 1)])"
2020-10-17 21:15:06 +0100,"OrderedDict([('pass', 1)])"
2020-10-18 19:31:14 +0100,"OrderedDict([('pass', 1)])"
2020-10-19 19:40:02 +0100,"OrderedDict([('pass', 1)])"
2020-10-20 19:43:31 +0100,"OrderedDict([('pass', 1)])"
2020-10-21 19:30:51 +0100,"OrderedDict([('pass', 1)])"
2020-10-22 19:42:42 +0100,"OrderedDict([('pass', 1)])"
2020-10-23 19:51:27 +0100,"OrderedDict([('pass', 1)])"
2020-10-24 19:47:15 +0100,"OrderedDict([('pass', 1)])"
2020-10-25 19:36:31 +0000,"OrderedDict([('pass', 1)])"
2020-10-26 19:23:33 +0000,"OrderedDict([('pass', 1)])"
2020-10-27 19:23:15 +0000,"OrderedDict([('pass', 1)])"
2020-10-28 19:26:21 +0000,"OrderedDict([('pass', 1)])"
2020-10-30 19:21:27 +0000,"OrderedDict([('pass', 1)])"
2020-10-31 19:21:39 +0000,"OrderedDict([('pass', 1)])"
2020-11-01 19:27:53 +0000,"OrderedDict([('pass', 1)])"
2020-11-02 19:25:21 +0000,"OrderedDict([('pass', 1)])"
2020-11-03 19:30:23 +0000,"OrderedDict([('pass', 1)])"
2020-11-04 19:23:29 +0000,"OrderedDict([('pass', 1)])"
2020-11-05 19:13:12 +0000,"OrderedDict([('pass', 1)])"
2020-11-06 19:18:18 +0000,"OrderedDict([('pass', 1)])"
2020-11-07 19:13:30 +0000,"OrderedDict([('pass', 1)])"
2020-11-08 19:19:51 +0000,"OrderedDict([('pass', 1)])"
2020-11-09 19:19:16 +0000,"OrderedDict([('pass', 1)])"
2020-11-10 19:25:03 +0000,"OrderedDict([('pass', 1)])"
2020-11-11 19:22:25 +0000,"OrderedDict([('pass', 1)])"
2020-11-12 19:22:38 +0000,"OrderedDict([('pass', 1)])"
2020-11-13 19:20:48 +0000,"OrderedDict([('pass', 1)])"
2020-11-14 19:22:15 +0000,"OrderedDict([('pass', 1)])"
2020-11-15 19:36:38 +0000,"OrderedDict([('pass', 1)])"
2020-11-16 19:23:10 +0000,"OrderedDict([('pass', 1)])"
2020-11-17 19:26:26 +0000,"OrderedDict([('pass', 1)])"
2020-11-18 19:24:58 +0000,"OrderedDict([('pass', 1)])"
2020-11-19 19:21:49 +0000,"OrderedDict([('pass', 1)])"
2020-11-20 19:23:53 +0000,"OrderedDict([('pass', 1)])"
2020-11-21 19:19:15 +0000,"OrderedDict([('pass', 1)])"
2020-11-22 19:24:39 +0000,"OrderedDict([('pass', 1)])"
2020-11-23 19:25:48 +0000,"OrderedDict([('pass', 1)])"
2020-11-24 19:22:52 +0000,"OrderedDict([('pass', 1)])"
2020-11-25 19:29:28 +0000,"OrderedDict([('pass', 1)])"
2020-11-26 19:30:14 +0000,"OrderedDict([('pass', 1)])"
2020-11-27 19:31:35 +0000,"OrderedDict([('pass', 1)])"
2020-11-28 19:22:31 +0000,"OrderedDict([('pass', 1)])"
2020-11-29 19:29:18 +0000,"OrderedDict([('pass', 1)])"
2020-11-30 19:34:10 +0000,"OrderedDict([('pass', 1)])"
2020-12-01 19:30:58 +0000,"OrderedDict([('pass', 1)])"
2020-12-02 19:43:13 +0000,"OrderedDict([('pass', 1)])"
2020-12-03 19:19:36 +0000,"OrderedDict([('pass', 1)])"
2020-12-04 19:24:28 +0000,"OrderedDict([('pass', 1)])"
2020-12-05 19:23:22 +0000,"OrderedDict([('pass', 1)])"
2020-12-06 19:40:29 +0000,"OrderedDict([('pass', 1)])"
2020-12-07 19:29:28 +0000,"OrderedDict([('pass', 1)])"
2020-12-08 19:40:28 +0000,"OrderedDict([('pass', 1)])"
2020-12-09 20:16:58 +0000,"OrderedDict([('pass', 1)])"
2020-12-10 19:37:42 +0000,"OrderedDict([('pass', 1)])"
2020-12-11 19:37:55 +0000,"OrderedDict([('pass', 1)])"
2020-12-12 19:34:08 +0000,"OrderedDict([('pass', 1)])"
2020-12-13 19:30:46 +0000,"OrderedDict([('pass', 1)])"
2020-12-14 19:41:09 +0000,"OrderedDict([('pass', 1)])"
2020-12-17 00:30:55 +0000,"OrderedDict([('pass', 1)])"
2020-12-18 19:27:30 +0000,"OrderedDict([('pass', 1)])"
2020-12-19 19:30:07 +0000,"OrderedDict([('pass', 1)])"
2020-12-20 19:27:34 +0000,"OrderedDict([('pass', 1)])"
2020-12-21 19:20:20 +0000,"OrderedDict([('pass', 1)])"
2020-12-22 19:19:29 +0000,"OrderedDict([('pass', 1)])"
2020-12-23 19:22:49 +0000,"OrderedDict([('pass', 1)])"
2020-12-24 19:11:16 +0000,"OrderedDict([('pass', 1)])"
2020-12-25 19:25:41 +0000,"OrderedDict([('pass', 1)])"
2020-12-26 19:26:42 +0000,"OrderedDict([('pass', 1)])"
2020-12-27 19:32:40 +0000,"OrderedDict([('pass', 1)])"
2020-12-28 19:28:01 +0000,"OrderedDict([('pass', 1)])"
2020-12-29 19:24:18 +0000,"OrderedDict([('pass', 1)])"
2020-12-30 19:21:37 +0000,"OrderedDict([('pass', 1)])"
2020-12-31 19:19:04 +0000,"OrderedDict([('pass', 1)])"
2021-01-01 19:28:15 +0000,"OrderedDict([('pass', 1)])"
2021-01-02 19:25:50 +0000,"OrderedDict([('pass', 1)])"
2021-01-03 19:20:02 +0000,"OrderedDict([('pass', 1)])"
2021-01-04 19:24:50 +0000,"OrderedDict([('pass', 1)])"
2021-01-05 19:26:14 +0000,"OrderedDict([('pass', 1)])"
2021-01-06 19:33:28 +0000,"OrderedDict([('pass', 1)])"
2021-01-07 21:28:13 +0000,"OrderedDict([('pass', 1)])"
2021-01-08 19:34:02 +0000,"OrderedDict([('pass', 1)])"
2021-01-09 19:27:30 +0000,"OrderedDict([('pass', 1)])"
2021-01-10 19:21:43 +0000,"OrderedDict([('pass', 1)])"
2021-01-11 19:24:30 +0000,"OrderedDict([('pass', 1)])"
2021-01-13 19:21:39 +0000,"OrderedDict([('pass', 1)])"
2021-01-14 19:32:13 +0000,"OrderedDict([('pass', 1)])"
2021-01-15 19:23:21 +0000,"OrderedDict([('pass', 1)])"
2021-01-16 19:21:11 +0000,"OrderedDict([('pass', 1)])"
2021-01-17 19:21:55 +0000,"OrderedDict([('pass', 1)])"
2021-01-18 19:19:11 +0000,"OrderedDict([('pass', 1)])"
2021-01-19 19:18:48 +0000,"OrderedDict([('pass', 1)])"
2021-01-20 19:28:28 +0000,"OrderedDict([('pass', 1)])"
2021-01-21 19:26:17 +0000,"OrderedDict([('pass', 1)])"
2021-01-22 19:23:19 +0000,"OrderedDict([('pass', 1)])"
2021-01-23 19:22:16 +0000,"OrderedDict([('pass', 1)])"
2021-01-24 19:26:50 +0000,"OrderedDict([('pass', 1)])"
2021-01-25 19:31:56 +0000,"OrderedDict([('pass', 1)])"
2021-01-26 19:27:31 +0000,"OrderedDict([('pass', 1)])"
2021-01-27 19:56:12 +0000,"OrderedDict([('pass', 1)])"
2021-01-28 19:16:03 +0000,"OrderedDict([('pass', 1)])"
2021-02-03 19:34:59 +0000,"OrderedDict([('pass', 1)])"
2021-02-04 19:20:54 +0000,"OrderedDict([('pass', 1)])"
2021-02-05 19:27:13 +0000,"OrderedDict([('pass', 1)])"
2021-02-06 19:23:10 +0000,"OrderedDict([('pass', 1)])"
2021-02-07 19:27:31 +0000,"OrderedDict([('pass', 1)])"
2021-02-08 19:22:50 +0000,"OrderedDict([('pass', 1)])"
2021-02-09 19:25:28 +0000,"OrderedDict([('pass', 1)])"
2021-02-10 19:32:11 +0000,"OrderedDict([('pass', 1)])"
2021-02-11 19:20:26 +0000,"OrderedDict([('pass', 1)])"
2021-02-12 19:23:23 +0000,"OrderedDict([('pass', 1)])"
2021-02-13 19:20:32 +0000,"OrderedDict([('pass', 1)])"
2021-02-14 19:25:25 +0000,"OrderedDict([('pass', 1)])"
2021-02-15 19:25:23 +0000,"OrderedDict([('pass', 1)])"
2021-02-16 19:22:33 +0000,"OrderedDict([('pass', 1)])"
2021-02-17 20:11:13 +0000,"OrderedDict([('pass', 1)])"
2021-02-18 20:08:32 +0000,"OrderedDict([('pass', 1)])"
2021-02-19 20:15:44 +0000,"OrderedDict([('pass', 1)])"
2021-02-20 20:16:25 +0000,"OrderedDict([('pass', 1)])"
2021-02-21 20:33:04 +0000,"OrderedDict([('pass', 1)])"
2021-02-22 20:21:21 +0000,"OrderedDict([('pass', 1)])"
2021-02-23 20:24:42 +0000,"OrderedDict([('pass', 1)])"
2021-02-24 20:12:00 +0000,"OrderedDict([('pass', 1)])"
2021-02-25 19:23:54 +0000,"OrderedDict([('pass', 1)])"
2021-02-26 19:22:45 +0000,"OrderedDict([('pass', 1)])"
2021-02-27 19:22:04 +0000,"OrderedDict([('pass', 1)])"
2021-02-28 19:26:02 +0000,"OrderedDict([('pass', 1)])"
2021-03-01 19:21:07 +0000,"OrderedDict([('pass', 1)])"
2021-03-02 19:18:40 +0000,"OrderedDict([('pass', 1)])"
2021-03-03 19:28:17 +0000,"OrderedDict([('pass', 1)])"
2021-03-04 19:14:18 +0000,"OrderedDict([('pass', 1)])"
2021-03-05 19:21:02 +0000,"OrderedDict([('pass', 1)])"
2021-03-06 19:21:30 +0000,"OrderedDict([('pass', 1)])"
2021-03-07 19:17:15 +0000,"OrderedDict([('pass', 1)])"
2021-03-08 19:18:50 +0000,"OrderedDict([('pass', 1)])"
2021-03-09 19:20:36 +0000,"OrderedDict([('pass', 1)])"
2021-03-10 20:23:07 +0000,"OrderedDict([('pass', 1)])"
2021-03-11 19:51:51 +0000,"OrderedDict([('pass', 1)])"
2021-03-12 19:54:46 +0000,"OrderedDict([('pass', 1)])"
2021-03-13 19:49:21 +0000,"OrderedDict([('pass', 1)])"
2021-03-14 19:47:44 +0000,"OrderedDict([('pass', 1)])"
2021-03-15 19:53:21 +0000,"OrderedDict([('pass', 1)])"
2021-03-16 19:45:46 +0000,"OrderedDict([('pass', 1)])"
2021-03-17 19:54:10 +0000,"OrderedDict([('pass', 1)])"
2021-03-18 19:41:10 +0000,"OrderedDict([('pass', 1)])"
2021-03-19 19:42:06 +0000,"OrderedDict([('pass', 1)])"
2021-03-20 19:38:39 +0000,"OrderedDict([('pass', 1)])"
2021-03-21 19:49:20 +0000,"OrderedDict([('pass', 1)])"
2021-03-22 19:45:35 +0000,"OrderedDict([('pass', 1)])"
2021-03-23 19:39:22 +0000,"OrderedDict([('pass', 1)])"
2021-03-24 19:46:28 +0000,"OrderedDict([('pass', 1)])"
2021-03-25 20:02:44 +0000,"OrderedDict([('pass', 1)])"
2021-03-26 19:46:27 +0000,"OrderedDict([('pass', 1)])"
2021-03-27 19:38:40 +0000,"OrderedDict([('pass', 1)])"
2021-03-28 19:43:28 +0100,"OrderedDict([('pass', 1)])"
2021-03-29 19:45:40 +0100,"OrderedDict([('pass', 1)])"
2021-03-30 19:14:32 +0100,"OrderedDict([('pass', 1)])"
2021-03-31 19:14:43 +0100,"OrderedDict([('pass', 1)])"
2021-04-01 19:18:43 +0100,"OrderedDict([('pass', 1)])"
2021-04-02 19:19:31 +0100,"OrderedDict([('pass', 1)])"
2021-04-03 19:16:57 +0100,"OrderedDict([('pass', 1)])"
2021-04-04 19:18:56 +0100,"OrderedDict([('pass', 1)])"
2021-04-05 19:16:58 +0100,"OrderedDict([('pass', 1)])"
2021-04-06 19:19:56 +0100,"OrderedDict([('pass', 1)])"
2021-04-07 19:21:11 +0100,"OrderedDict([('pass', 1)])"
2021-04-08 19:19:58 +0100,"OrderedDict([('pass', 1)])"
2021-04-09 19:22:47 +0100,"OrderedDict([('pass', 1)])"
2021-04-10 19:14:28 +0100,"OrderedDict([('pass', 1)])"
2021-04-11 19:19:57 +0100,"OrderedDict([('pass', 1)])"
2021-04-12 19:19:59 +0100,"OrderedDict([('pass', 1)])"
2021-04-13 19:18:25 +0100,"OrderedDict([('pass', 1)])"
2021-04-14 19:20:18 +0100,"OrderedDict([('pass', 1)])"
2021-04-15 19:20:45 +0100,"OrderedDict([('pass', 1)])"
2021-04-16 19:19:28 +0100,"OrderedDict([('pass', 1)])"
2021-04-18 19:23:14 +0100,"OrderedDict([('pass', 1)])"
2021-04-19 19:17:49 +0100,"OrderedDict([('pass', 1)])"
2021-04-20 19:18:55 +0100,"OrderedDict([('pass', 1)])"
2021-04-21 14:52:12 +0100,"OrderedDict([('pass', 1)])"
2021-04-22 19:18:30 +0100,"OrderedDict([('pass', 1)])"
2021-04-23 19:21:13 +0100,"OrderedDict([('pass', 1)])"
2021-04-24 19:16:13 +0100,"OrderedDict([('pass', 1)])"
2021-04-25 20:10:41 +0100,"OrderedDict([('pass', 1)])"
2021-04-26 20:11:24 +0100,"OrderedDict([('pass', 1)])"
2021-04-27 19:18:24 +0100,"OrderedDict([('pass', 1)])"
2021-04-28 19:20:37 +0100,"OrderedDict([('pass', 1)])"
2021-04-29 19:20:06 +0100,"OrderedDict([('pass', 1)])"
2021-04-30 19:18:44 +0100,"OrderedDict([('pass', 1)])"
2021-05-01 19:16:10 +0100,"OrderedDict([('pass', 1)])"
2021-05-02 19:15:26 +0100,"OrderedDict([('pass', 1)])"
2021-05-03 19:25:54 +0100,"OrderedDict([('pass', 1)])"
2021-05-04 19:16:30 +0100,"OrderedDict([('pass', 1)])"
2021-05-05 19:18:06 +0100,"OrderedDict([('pass', 1)])"
2021-05-06 19:18:59 +0100,"OrderedDict([('pass', 1)])"
2021-05-07 19:17:58 +0100,"OrderedDict([('pass', 1)])"
2021-05-08 19:22:12 +0100,"OrderedDict([('pass', 1)])"
2021-05-09 19:11:58 +0100,"OrderedDict([('pass', 1)])"
2021-05-10 19:17:37 +0100,"OrderedDict([('pass', 1)])"
2021-05-12T01:01:55Z,"OrderedDict([('pass', 1)])"
2021-05-13T01:09:53Z,"OrderedDict([('pass', 1)])"
2021-05-14T01:15:39Z,"OrderedDict([('pass', 1)])"
2021-05-15T06:43:28Z,"OrderedDict([('pass', 1)])"
2021-05-16T01:18:55Z,"OrderedDict([('pass', 1)])"
2021-05-17T01:09:03Z,"OrderedDict([('pass', 1)])"
2021-05-18T06:42:26Z,"OrderedDict([('pass', 1)])"
2021-05-19T01:13:48Z,"OrderedDict([('pass', 1)])"
2021-05-20T01:09:01Z,"OrderedDict([('pass', 1)])"
2021-05-21T01:13:57Z,"OrderedDict([('pass', 1)])"
2021-05-22T01:12:38Z,"OrderedDict([('pass', 1)])"
2021-05-23T01:20:03Z,"OrderedDict([('pass', 1)])"
2021-05-24T01:16:54Z,"OrderedDict([('pass', 1)])"
2021-05-25T01:14:00Z,"OrderedDict([('pass', 1)])"
2021-05-26T01:25:42Z,"OrderedDict([('pass', 1)])"
2021-05-27T01:27:43Z,"OrderedDict([('pass', 1)])"
2021-05-28T01:34:06Z,"OrderedDict([('pass', 1)])"
2021-05-29T01:44:29Z,"OrderedDict([('pass', 1)])"
2021-05-30T01:52:07Z,"OrderedDict([('pass', 1)])"
2021-05-31T02:08:08Z,"OrderedDict([('pass', 1)])"
2021-06-01T02:24:16Z,"OrderedDict([('pass', 1)])"
2021-06-02T02:31:00Z,"OrderedDict([('pass', 1)])"
2021-06-03T02:11:37Z,"OrderedDict([('pass', 1)])"
2021-06-04T01:57:17Z,"OrderedDict([('pass', 1)])"
2021-06-04T08:12:16Z,"OrderedDict([('pass', 1)])"
2021-06-05T01:33:07Z,"OrderedDict([('pass', 1)])"
2021-06-06T01:25:41Z,"OrderedDict([('pass', 1)])"
2021-06-07T01:31:36Z,"OrderedDict([('pass', 1)])"
2021-06-08T01:27:38Z,"OrderedDict([('pass', 1)])"
2021-06-09T01:05:59Z,"OrderedDict([('pass', 1)])"
2021-06-10T01:09:25Z,"OrderedDict([('pass', 1)])"
2021-06-11T01:06:05Z,"OrderedDict([('pass', 1)])"
2021-06-12T00:59:59Z,"OrderedDict([('pass', 1)])"
2021-06-13T01:03:12Z,"OrderedDict([('pass', 1)])"
2021-06-14T01:03:23Z,"OrderedDict([('pass', 1)])"
2021-06-15T01:03:27Z,"OrderedDict([('pass', 1)])"
2021-06-16T01:01:53Z,"OrderedDict([('pass', 1)])"
2021-06-17T01:06:45Z,"OrderedDict([('pass', 1)])"
2021-06-18T01:04:25Z,"OrderedDict([('pass', 1)])"
2021-06-19T01:06:44Z,"OrderedDict([('pass', 1)])"
2021-06-20T01:05:19Z,"OrderedDict([('pass', 1)])"
2021-06-21T01:07:56Z,"OrderedDict([('pass', 1)])"
2021-06-22T01:05:32Z,"OrderedDict([('pass', 1)])"
2021-06-23T01:00:34Z,"OrderedDict([('pass', 1)])"
2021-06-24T00:56:28Z,"OrderedDict([('pass', 1)])"
2021-06-25T01:09:19Z,"OrderedDict([('pass', 1)])"
2021-06-26T01:04:37Z,"OrderedDict([('pass', 1)])"
2021-06-27T01:12:08Z,"OrderedDict([('pass', 1)])"
2021-06-28T01:09:29Z,"OrderedDict([('pass', 1)])"
2021-06-29T01:06:50Z,"OrderedDict([('pass', 1)])"
2021-06-30T01:10:11Z,"OrderedDict([('pass', 1)])"
2021-07-01T01:03:52Z,"OrderedDict([('pass', 1)])"
2021-07-02T01:00:29Z,"OrderedDict([('pass', 1)])"
2021-07-03T01:05:41Z,"OrderedDict([('pass', 1)])"
2021-07-04T01:07:46Z,"OrderedDict([('pass', 1)])"
2021-07-05T01:02:36Z,"OrderedDict([('pass', 1)])"
2021-07-06T01:08:48Z,"OrderedDict([('pass', 1)])"
2021-07-07T01:08:02Z,"OrderedDict([('pass', 1)])"
2021-07-08T01:01:58Z,"OrderedDict([('pass', 1)])"
2021-07-09T01:08:58Z,"OrderedDict([('pass', 1)])"
2021-07-10T01:06:29Z,"OrderedDict([('pass', 1)])"
2021-07-11T01:12:05Z,"OrderedDict([('pass', 1)])"
2021-07-12T01:07:30Z,"OrderedDict([('pass', 1)])"
2021-07-13T01:05:46Z,"OrderedDict([('pass', 1)])"
2021-07-14T01:00:20Z,"OrderedDict([('pass', 1)])"
2021-07-15T01:06:16Z,"OrderedDict([('pass', 1)])"
2021-07-16T01:05:14Z,"OrderedDict([('pass', 1)])"
2021-07-17T01:02:49Z,"OrderedDict([('pass', 1)])"
2021-07-18T01:04:43Z,"OrderedDict([('pass', 1)])"
2021-07-19T01:06:29Z,"OrderedDict([('pass', 1)])"
2021-07-21T01:09:50Z,"OrderedDict([('pass', 1)])"
2021-07-22T01:09:51Z,"OrderedDict([('pass', 1)])"
2021-07-23T01:07:00Z,"OrderedDict([('pass', 1)])"
2021-07-24T01:03:18Z,"OrderedDict([('pass', 1)])"
2021-07-25T01:05:45Z,"OrderedDict([('pass', 1)])"
2021-07-26T01:03:40Z,"OrderedDict([('pass', 1)])"
2021-07-27T01:04:59Z,"OrderedDict([('pass', 1)])"
2021-07-28T01:06:07Z,"OrderedDict([('pass', 1)])"
2021-07-29T01:06:49Z,"OrderedDict([('pass', 1)])"
2021-07-30T01:07:49Z,"OrderedDict([('pass', 1)])"
2021-07-31T01:04:06Z,"OrderedDict([('pass', 1)])"
2021-08-01T01:14:35Z,"OrderedDict([('pass', 1)])"
2021-08-02T01:03:31Z,"OrderedDict([('pass', 1)])"
2021-08-03T01:13:07Z,"OrderedDict([('pass', 1)])"
2021-08-04T01:06:23Z,"OrderedDict([('pass', 1)])"
2021-08-05T01:07:34Z,"OrderedDict([('pass', 1)])"
2021-08-06T01:07:27Z,"OrderedDict([('pass', 1)])"
2021-08-07T01:04:47Z,"OrderedDict([('pass', 1)])"
2021-08-08T01:10:32Z,"OrderedDict([('pass', 1)])"
2021-08-10T01:10:31Z,"OrderedDict([('pass', 1)])"
2021-08-11T01:06:52Z,"OrderedDict([('pass', 1)])"
2021-08-12T01:09:12Z,"OrderedDict([('pass', 1)])"
2021-08-13T01:08:45Z,"OrderedDict([('pass', 1)])"
2021-08-14T01:02:53Z,"OrderedDict([('pass', 1)])"
2021-08-15T01:05:11Z,"OrderedDict([('pass', 1)])"
2021-08-16T01:03:33Z,"OrderedDict([('pass', 1)])"
2021-08-17T01:01:21Z,"OrderedDict([('pass', 1)])"
2021-08-18T01:00:58Z,"OrderedDict([('pass', 1)])"
2021-08-19T01:00:23Z,"OrderedDict([('pass', 1)])"
2021-08-20T01:04:01Z,"OrderedDict([('pass', 1)])"
2021-08-21T00:50:00Z,"OrderedDict([('pass', 1)])"
2021-08-22T00:50:57Z,"OrderedDict([('pass', 1)])"
2021-08-23T00:51:15Z,"OrderedDict([('pass', 1)])"
2021-08-24T00:52:02Z,"OrderedDict([('pass', 1)])"
2021-08-25T00:50:18Z,"OrderedDict([('pass', 1)])"
2021-08-26T00:49:11Z,"OrderedDict([('pass', 1)])"
2021-08-27T00:54:25Z,"OrderedDict([('pass', 1)])"
2021-08-28T00:50:05Z,"OrderedDict([('pass', 1)])"
2021-08-30T00:51:49Z,"OrderedDict([('pass', 1)])"
2021-08-31T00:54:26Z,"OrderedDict([('pass', 1)])"
2021-09-01T00:55:37Z,"OrderedDict([('pass', 1)])"
2021-09-02T00:55:27Z,"OrderedDict([('pass', 1)])"
2021-09-03T00:52:35Z,"OrderedDict([('pass', 1)])"
2021-09-04T00:53:50Z,"OrderedDict([('pass', 1)])"
2021-09-05T00:55:57Z,"OrderedDict([('pass', 1)])"
2021-09-06T00:58:21Z,"OrderedDict([('pass', 1)])"
2021-09-07T00:51:37Z,"OrderedDict([('pass', 1)])"
2021-09-08T00:50:51Z,"OrderedDict([('pass', 1)])"
2021-09-09T00:55:45Z,"OrderedDict([('pass', 1)])"
2021-09-10T00:58:39Z,"OrderedDict([('pass', 1)])"
2021-09-11T00:51:41Z,"OrderedDict([('pass', 1)])"
2021-09-12T00:54:31Z,"OrderedDict([('pass', 1)])"
2021-09-14T00:56:15Z,"OrderedDict([('pass', 1)])"
2021-09-15T00:53:22Z,"OrderedDict([('pass', 1)])"
2021-09-16T00:55:37Z,"OrderedDict([('pass', 1)])"
2021-09-17T00:57:21Z,"OrderedDict([('pass', 1)])"
2021-09-18T00:51:59Z,"OrderedDict([('pass', 1)])"
2021-09-19T01:17:00Z,"OrderedDict([('pass', 1)])"
2021-09-28T01:31:59Z,"OrderedDict([('pass', 1)])"
2021-09-29T00:55:02Z,"OrderedDict([('pass', 1)])"
2021-09-30T00:59:21Z,"OrderedDict([('pass', 1)])"
2021-10-01T00:58:36Z,"OrderedDict([('pass', 1)])"
2021-10-02T00:55:21Z,"OrderedDict([('pass', 1)])"
2021-10-03T00:57:37Z,"OrderedDict([('pass', 1)])"
2021-10-04T00:59:41Z,"OrderedDict([('pass', 1)])"
2021-10-04T21:23:42Z,"OrderedDict([('pass', 1)])"
2021-10-06T12:33:03Z,"OrderedDict([('pass', 1)])"
2021-10-07T00:55:57Z,"OrderedDict([('pass', 1)])"
2021-10-08T00:58:41Z,"OrderedDict([('pass', 1)])"
2021-10-09T00:53:28Z,"OrderedDict([('pass', 1)])"
2021-10-10T01:15:18Z,"OrderedDict([('pass', 1)])"
2021-10-11T01:04:20Z,"OrderedDict([('pass', 1)])"
2021-10-12T00:59:31Z,"OrderedDict([('pass', 1)])"
2021-10-13T00:54:23Z,"OrderedDict([('pass', 1)])"
2021-10-14T00:52:11Z,"OrderedDict([('pass', 1)])"
2021-10-15T00:59:05Z,"OrderedDict([('pass', 1)])"
2021-10-16T01:00:42Z,"OrderedDict([('pass', 1)])"
2021-10-17T00:54:42Z,"OrderedDict([('pass', 1)])"
2021-10-18T00:55:47Z,"OrderedDict([('pass', 1)])"
2021-10-19T00:57:10Z,"OrderedDict([('pass', 1)])"
2021-10-20T00:56:38Z,"OrderedDict([('pass', 1)])"
2021-10-21T01:02:44Z,"OrderedDict([('pass', 1)])"
2021-10-22T00:59:39Z,"OrderedDict([('pass', 1)])"
2021-10-23T00:58:18Z,"OrderedDict([('pass', 1)])"
2021-10-24T00:55:42Z,"OrderedDict([('pass', 1)])"
2021-10-25T00:56:51Z,"OrderedDict([('pass', 1)])"
2021-10-25T21:24:50Z,"OrderedDict([('pass', 1)])"
2021-10-27T00:54:02Z,"OrderedDict([('pass', 1)])"
2021-10-28T00:55:42Z,"OrderedDict([('pass', 1)])"
2021-10-29T00:52:26Z,"OrderedDict([('pass', 1)])"
2021-10-30T00:54:59Z,"OrderedDict([('pass', 1)])"
2021-10-31T00:57:30Z,"OrderedDict([('pass', 1)])"
2021-11-01T00:56:04Z,"OrderedDict([('pass', 1)])"
2021-11-02T00:57:35Z,"OrderedDict([('pass', 1)])"
2021-11-03T00:55:40Z,"OrderedDict([('pass', 1)])"
2021-11-04T00:52:59Z,"OrderedDict([('pass', 1)])"
2021-11-05T01:05:45Z,"OrderedDict([('pass', 1)])"
2021-11-06T00:55:42Z,"OrderedDict([('pass', 1)])"
2021-11-07T00:58:13Z,"OrderedDict([('pass', 1)])"
2021-11-08T00:54:13Z,"OrderedDict([('pass', 1)])"
2021-11-09T00:55:39Z,"OrderedDict([('pass', 1)])"
2021-11-10T00:54:26Z,"OrderedDict([('pass', 1)])"
2021-11-11T00:54:30Z,"OrderedDict([('pass', 1)])"
2021-11-12T00:56:13Z,"OrderedDict([('pass', 1)])"
2021-11-13T00:53:18Z,"OrderedDict([('pass', 1)])"
2021-11-14T00:57:36Z,"OrderedDict([('pass', 1)])"
2021-11-15T00:55:46Z,"OrderedDict([('pass', 1)])"
2021-11-16T00:55:46Z,"OrderedDict([('pass', 1)])"
2021-11-17T06:43:08Z,"OrderedDict([('pass', 1)])"
2021-11-18T01:24:32Z,"OrderedDict([('pass', 1)])"
2021-11-19T01:21:50Z,"OrderedDict([('pass', 1)])"
2021-11-20T01:21:32Z,"OrderedDict([('pass', 1)])"
2021-11-21T01:26:34Z,"OrderedDict([('pass', 1)])"
2021-11-22T01:24:04Z,"OrderedDict([('pass', 1)])"
2021-11-23T01:22:50Z,"OrderedDict([('pass', 1)])"
2021-11-24T01:23:16Z,"OrderedDict([('pass', 1)])"
2021-11-25T01:26:54Z,"OrderedDict([('pass', 1)])"
2021-11-26T01:21:39Z,"OrderedDict([('pass', 1)])"
2021-11-27T01:25:57Z,"OrderedDict([('pass', 1)])"
2021-11-28T01:25:46Z,"OrderedDict([('pass', 1)])"
2021-11-29T01:24:05Z,"OrderedDict([('pass', 1)])"
2021-11-30T01:24:27Z,"OrderedDict([('pass', 1)])"
2021-12-01T01:31:23Z,"OrderedDict([('pass', 1)])"
2021-12-02T01:29:21Z,"OrderedDict([('pass', 1)])"
2021-12-03T01:28:15Z,"OrderedDict([('pass', 1)])"
2021-12-04T01:29:25Z,"OrderedDict([('pass', 1)])"
2021-12-05T01:34:54Z,"OrderedDict([('pass', 1)])"
2021-12-06T01:27:20Z,"OrderedDict([('pass', 1)])"
2021-12-07T01:31:28Z,"OrderedDict([('pass', 1)])"
2021-12-08T01:31:38Z,"OrderedDict([('pass', 1)])"
2021-12-09T01:29:38Z,"OrderedDict([('pass', 1)])"
2021-12-10T01:29:50Z,"OrderedDict([('pass', 1)])"
2021-12-11T01:25:47Z,"OrderedDict([('pass', 1)])"
2021-12-12T01:30:13Z,"OrderedDict([('pass', 1)])"
2021-12-13T01:29:48Z,"OrderedDict([('pass', 1)])"
2021-12-14T01:30:31Z,"OrderedDict([('pass', 1)])"
2021-12-15T01:29:32Z,"OrderedDict([('pass', 1)])"
2021-12-16T01:30:40Z,"OrderedDict([('pass', 1)])"
2021-12-17T01:30:49Z,"OrderedDict([('pass', 1)])"
2021-12-18T01:36:17Z,"OrderedDict([('pass', 1)])"
2021-12-19T01:33:56Z,"OrderedDict([('pass', 1)])"
2021-12-20T01:32:41Z,"OrderedDict([('pass', 1)])"
2021-12-21T01:35:05Z,"OrderedDict([('pass', 1)])"
2021-12-22T01:33:44Z,"OrderedDict([('pass', 1)])"
2021-12-23T01:34:01Z,"OrderedDict([('pass', 1)])"
2021-12-24T01:34:32Z,"OrderedDict([('pass', 1)])"
2021-12-25T01:34:03Z,"OrderedDict([('pass', 1)])"
2021-12-26T01:36:12Z,"OrderedDict([('pass', 1)])"
2021-12-27T01:33:49Z,"OrderedDict([('pass', 1)])"
2021-12-28T01:35:07Z,"OrderedDict([('pass', 1)])"
2021-12-29T01:33:58Z,"OrderedDict([('pass', 1)])"
2021-12-30T01:34:45Z,"OrderedDict([('pass', 1)])"
2021-12-31T01:36:25Z,"OrderedDict([('pass', 1)])"
2022-01-01T01:35:37Z,"OrderedDict([('pass', 1)])"
2022-01-02T01:37:13Z,"OrderedDict([('pass', 1)])"
2022-01-03T01:33:43Z,"OrderedDict([('pass', 1)])"
2022-01-04T01:36:12Z,"OrderedDict([('pass', 1)])"
2022-01-05T01:38:07Z,"OrderedDict([('pass', 1)])"
2022-01-06T01:41:52Z,"OrderedDict([('pass', 1)])"
2022-01-07T01:39:58Z,"OrderedDict([('pass', 1)])"
2022-01-08T01:35:10Z,"OrderedDict([('pass', 1)])"
2022-01-09T01:38:32Z,"OrderedDict([('pass', 1)])"
2022-01-10T01:34:18Z,"OrderedDict([('pass', 1)])"
2022-01-11T01:37:25Z,"OrderedDict([('pass', 1)])"
2022-01-13T01:39:23Z,"OrderedDict([('pass', 1)])"
2022-01-14T01:37:44Z,"OrderedDict([('pass', 1)])"
2022-01-15T01:34:42Z,"OrderedDict([('pass', 1)])"
2022-01-16T01:41:01Z,"OrderedDict([('pass', 1)])"
2022-01-17T01:01:08Z,"OrderedDict([('pass', 1)])"
2022-01-18T01:02:26Z,"OrderedDict([('pass', 1)])"
2022-01-19T00:59:13Z,"OrderedDict([('pass', 1)])"
2022-01-20T01:03:54Z,"OrderedDict([('pass', 1)])"
2022-01-21T00:56:46Z,"OrderedDict([('pass', 1)])"
2022-01-22T01:00:46Z,"OrderedDict([('pass', 1)])"
2022-01-23T01:00:14Z,"OrderedDict([('pass', 1)])"
2022-01-24T01:01:17Z,"OrderedDict([('pass', 1)])"
2022-01-25T01:05:12Z,"OrderedDict([('pass', 1)])"
2022-01-26T01:08:18Z,"OrderedDict([('pass', 1)])"
2022-01-27T00:57:18Z,"OrderedDict([('pass', 1)])"
2022-01-28T00:58:34Z,"OrderedDict([('pass', 1)])"
2022-01-29T00:59:04Z,"OrderedDict([('pass', 1)])"
2022-01-30T01:00:05Z,"OrderedDict([('pass', 1)])"
2022-01-31T01:00:23Z,"OrderedDict([('pass', 1)])"
2022-02-01T01:01:59Z,"OrderedDict([('pass', 1)])"
2022-02-02T01:04:27Z,"OrderedDict([('pass', 1)])"
2022-02-03T01:00:37Z,"OrderedDict([('pass', 1)])"
2022-02-04T01:04:02Z,"OrderedDict([('pass', 1)])"
2022-02-04T22:10:56Z,"OrderedDict([('pass', 1)])"
2022-02-05T22:10:41Z,"OrderedDict([('pass', 1)])"
2022-02-07T01:37:54Z,"OrderedDict([('pass', 1)])"
2022-02-08T01:42:38Z,"OrderedDict([('pass', 1)])"
2022-02-09T01:40:22Z,"OrderedDict([('pass', 1)])"
2022-02-10T01:39:39Z,"OrderedDict([('pass', 1)])"
2022-02-11T01:42:16Z,"OrderedDict([('pass', 1)])"
2022-02-12T01:43:25Z,"OrderedDict([('pass', 1)])"
2022-02-13T01:44:03Z,"OrderedDict([('pass', 1)])"
2022-02-14T01:40:21Z,"OrderedDict([('pass', 1)])"
2022-02-15T01:43:21Z,"OrderedDict([('pass', 1)])"
2022-02-16T01:38:32Z,"OrderedDict([('pass', 1)])"
2022-02-17T01:35:17Z,"OrderedDict([('pass', 1)])"
2022-02-17T22:14:11Z,"OrderedDict([('pass', 1)])"
2022-02-19T01:49:11Z,"OrderedDict([('pass', 1)])"
2022-02-20T01:50:37Z,"OrderedDict([('pass', 1)])"
2022-02-21T01:47:03Z,"OrderedDict([('pass', 1)])"
2022-02-22T01:48:23Z,"OrderedDict([('pass', 1)])"
2022-02-23T01:46:14Z,"OrderedDict([('pass', 1)])"
2022-02-24T01:44:19Z,"OrderedDict([('pass', 1)])"
2022-02-25T01:48:21Z,"OrderedDict([('pass', 1)])"
2022-02-26T01:47:30Z,"OrderedDict([('pass', 1)])"
2022-02-27T01:55:50Z,"OrderedDict([('pass', 1)])"
2022-02-27T22:20:36Z,"OrderedDict([('pass', 1)])"
2022-03-01T01:49:38Z,"OrderedDict([('pass', 1)])"
2022-03-02T01:51:49Z,"OrderedDict([('pass', 1)])"
2022-03-03T01:52:16Z,"OrderedDict([('pass', 1)])"
2022-03-04T01:19:05Z,"OrderedDict([('pass', 1)])"
2022-03-05T01:16:02Z,"OrderedDict([('pass', 1)])"
2022-03-06T01:13:37Z,"OrderedDict([('pass', 1)])"
2022-03-07T01:13:59Z,"OrderedDict([('pass', 1)])"
2022-03-08T01:08:00Z,"OrderedDict([('pass', 1)])"
2022-03-09T01:10:01Z,"OrderedDict([('pass', 1)])"
2022-03-10T01:16:23Z,"OrderedDict([('pass', 1)])"
2022-03-11T01:16:55Z,"OrderedDict([('pass', 1)])"
2022-03-12T01:10:08Z,"OrderedDict([('pass', 1)])"
2022-03-13T01:12:34Z,"OrderedDict([('pass', 1)])"
2022-03-14T01:13:04Z,"OrderedDict([('pass', 1)])"
2022-03-15T01:16:19Z,"OrderedDict([('pass', 1)])"
2022-03-16T01:15:40Z,"OrderedDict([('pass', 1)])"
2022-03-17T01:16:12Z,"OrderedDict([('pass', 1)])"
2022-03-17T21:34:43Z,"OrderedDict([('pass', 1)])"
2022-03-19T01:00:40Z,"OrderedDict([('pass', 1)])"
2022-03-20T01:04:54Z,"OrderedDict([('pass', 1)])"
2022-03-21T01:00:13Z,"OrderedDict([('pass', 1)])"
2022-03-23T01:05:31Z,"OrderedDict([('pass', 1)])"
2022-03-24T01:04:29Z,"OrderedDict([('pass', 1)])"
2022-03-25T01:05:05Z,"OrderedDict([('pass', 1)])"
2022-03-26T01:08:33Z,"OrderedDict([('pass', 1)])"
2022-03-27T01:05:42Z,"OrderedDict([('pass', 1)])"
2022-03-28T01:01:52Z,"OrderedDict([('pass', 1)])"
2022-03-29T01:07:32Z,"OrderedDict([('pass', 1)])"
2022-03-30T01:12:24Z,"OrderedDict([('pass', 1)])"
2022-03-31T01:09:57Z,"OrderedDict([('pass', 1)])"
2022-04-01T01:16:48Z,"OrderedDict([('pass', 1)])"
2022-04-02T01:06:28Z,"OrderedDict([('pass', 1)])"
2022-04-03T01:12:22Z,"OrderedDict([('pass', 1)])"
2022-04-04T01:07:37Z,"OrderedDict([('pass', 1)])"
2022-04-05T01:07:20Z,"OrderedDict([('pass', 1)])"
2022-04-06T01:08:47Z,"OrderedDict([('pass', 1)])"
2022-04-07T01:13:52Z,"OrderedDict([('pass', 1)])"
2022-04-08T01:08:41Z,"OrderedDict([('pass', 1)])"
2022-04-09T01:07:29Z,"OrderedDict([('pass', 1)])"
2022-04-10T01:08:38Z,"OrderedDict([('pass', 1)])"
2022-04-11T01:09:54Z,"OrderedDict([('pass', 1)])"
2022-04-12T01:07:53Z,"OrderedDict([('pass', 1)])"
2022-04-13T01:09:15Z,"OrderedDict([('pass', 1)])"
2022-04-14T01:16:07Z,"OrderedDict([('pass', 1)])"
2022-04-15T01:07:15Z,"OrderedDict([('pass', 1)])"
2022-04-16T01:10:14Z,"OrderedDict([('pass', 1)])"
2022-04-17T01:17:25Z,"OrderedDict([('pass', 1)])"
2022-04-18T01:15:12Z,"OrderedDict([('pass', 1)])"
2022-04-19T01:09:54Z,"OrderedDict([('pass', 1)])"
2022-04-20T01:11:39Z,"OrderedDict([('pass', 1)])"
2022-04-21T01:12:54Z,"OrderedDict([('pass', 1)])"
2022-04-22T01:13:34Z,"OrderedDict([('pass', 1)])"
2022-04-23T01:06:18Z,"OrderedDict([('pass', 1)])"
2022-04-23T06:44:07Z,"OrderedDict([('pass', 1)])"
2022-04-28T01:25:19Z,"OrderedDict([('pass', 1)])"
2022-04-29T01:11:13Z,"OrderedDict([('pass', 1)])"
2022-04-30T01:17:51Z,"OrderedDict([('pass', 1)])"
2022-05-01T01:23:37Z,"OrderedDict([('pass', 1)])"
2022-05-02T01:13:42Z,"OrderedDict([('pass', 1)])"
2022-05-03T01:13:25Z,"OrderedDict([('pass', 1)])"
2022-05-04T01:13:31Z,"OrderedDict([('pass', 1)])"
2022-05-05T01:15:12Z,"OrderedDict([('pass', 1)])"
2022-05-07T01:14:29Z,"OrderedDict([('pass', 1)])"
2022-05-08T01:11:40Z,"OrderedDict([('pass', 1)])"
2022-05-09T01:20:18Z,"OrderedDict([('pass', 1)])"
2022-05-10T01:15:55Z,"OrderedDict([('pass', 1)])"
2022-05-12T01:15:04Z,"OrderedDict([('pass', 1)])"
2022-05-13T01:31:17Z,"OrderedDict([('pass', 1)])"
2022-05-14T01:25:31Z,"OrderedDict([('pass', 1)])"
2022-05-15T01:26:41Z,"OrderedDict([('pass', 1)])"
2022-05-16T01:14:07Z,"OrderedDict([('pass', 1)])"
2022-05-17T02:12:27Z,"OrderedDict([('pass', 1)])"
2022-05-18T02:02:32Z,"OrderedDict([('pass', 1)])"
2022-05-19T02:23:53Z,"OrderedDict([('pass', 1)])"
2022-05-19T19:05:28Z,"OrderedDict([('pass', 1)])"
2022-05-21T01:52:04Z,"OrderedDict([('pass', 1)])"
2022-05-22T02:12:58Z,"OrderedDict([('pass', 1)])"
2022-05-23T02:12:28Z,"OrderedDict([('pass', 1)])"
2022-05-23T21:53:22Z,"OrderedDict([('pass', 1)])"
2022-05-25T02:21:44Z,"OrderedDict([('pass', 1)])"
2022-05-26T02:26:34Z,"OrderedDict([('pass', 1)])"
2022-05-27T02:18:27Z,"OrderedDict([('pass', 1)])"
2022-05-28T02:16:11Z,"OrderedDict([('pass', 1)])"
2022-05-29T02:27:35Z,"OrderedDict([('pass', 1)])"
2022-05-30T02:22:36Z,"OrderedDict([('pass', 1)])"
2022-06-01T02:34:50Z,"OrderedDict([('pass', 1)])"
2022-06-02T02:26:23Z,"OrderedDict([('pass', 1)])"
2022-06-03T02:02:53Z,"OrderedDict([('pass', 1)])"
2022-06-04T02:04:11Z,"OrderedDict([('pass', 1)])"
2022-06-05T02:25:00Z,"OrderedDict([('pass', 1)])"
2022-06-06T02:22:39Z,"OrderedDict([('pass', 1)])"
2022-06-07T02:15:43Z,"OrderedDict([('pass', 1)])"
2022-06-08T02:18:33Z,"OrderedDict([('pass', 1)])"
2022-06-09T02:13:24Z,"OrderedDict([('pass', 1)])"
2022-06-10T02:26:35Z,"OrderedDict([('pass', 1)])"
2022-06-11T02:17:55Z,"OrderedDict([('pass', 1)])"
2022-06-12T02:32:27Z,"OrderedDict([('pass', 1)])"
2022-06-13T02:31:48Z,"OrderedDict([('pass', 1)])"
2022-06-14T02:31:05Z,"OrderedDict([('pass', 1)])"
2022-06-14T21:58:40Z,"OrderedDict([('pass', 1)])"
2022-06-16T02:18:43Z,"OrderedDict([('pass', 1)])"
2022-06-17T02:20:44Z,"OrderedDict([('pass', 1)])"
2022-06-18T02:19:42Z,"OrderedDict([('pass', 1)])"
2022-06-19T02:25:46Z,"OrderedDict([('pass', 1)])"
2022-06-20T02:21:21Z,"OrderedDict([('pass', 1)])"
2022-06-21T02:25:52Z,"OrderedDict([('pass', 1)])"
2022-06-22T02:33:09Z,"OrderedDict([('pass', 1)])"
2022-06-22T21:58:08Z,"OrderedDict([('pass', 1)])"
2022-06-24T02:27:16Z,"OrderedDict([('pass', 1)])"
2022-06-25T02:33:54Z,"OrderedDict([('pass', 1)])"
2022-06-27T02:32:05Z,"OrderedDict([('pass', 1)])"
2022-06-28T02:31:54Z,"OrderedDict([('pass', 1)])"
2022-06-29T02:33:26Z,"OrderedDict([('pass', 1)])"
2022-06-30T02:30:40Z,"OrderedDict([('pass', 1)])"
2022-07-01T02:44:08Z,"OrderedDict([('pass', 1)])"
2022-07-02T02:29:21Z,"OrderedDict([('pass', 1)])"
2022-07-03T02:38:34Z,"OrderedDict([('pass', 1)])"
2022-07-04T02:37:53Z,"OrderedDict([('pass', 1)])"
2022-07-05T02:31:37Z,"OrderedDict([('pass', 1)])"
2022-07-06T02:44:29Z,"OrderedDict([('pass', 1)])"
2022-07-07T02:35:12Z,"OrderedDict([('pass', 1)])"
2022-07-08T02:34:55Z,"OrderedDict([('pass', 1)])"
2022-07-09T02:23:57Z,"OrderedDict([('pass', 1)])"
2022-07-10T02:39:57Z,"OrderedDict([('pass', 1)])"
2022-07-11T02:39:38Z,"OrderedDict([('pass', 1)])"
2022-07-12T02:44:07Z,"OrderedDict([('pass', 1)])"
2022-07-13T02:30:35Z,"OrderedDict([('pass', 1)])"
2022-07-14T02:41:45Z,"OrderedDict([('pass', 1)])"
2022-07-15T02:46:34Z,"OrderedDict([('pass', 1)])"
2022-07-15T21:57:44Z,"OrderedDict([('pass', 1)])"
2022-07-17T02:47:26Z,"OrderedDict([('pass', 1)])"
2022-07-18T02:50:32Z,"OrderedDict([('pass', 1)])"
2022-07-19T02:58:34Z,"OrderedDict([('pass', 1)])"
2022-07-21T02:48:24Z,"OrderedDict([('pass', 1)])"
2022-07-21T22:03:06Z,"OrderedDict([('pass', 1)])"
2022-07-22T21:59:53Z,"OrderedDict([('pass', 1)])"
2022-07-24T02:55:32Z,"OrderedDict([('pass', 1)])"
2022-07-25T02:44:15Z,"OrderedDict([('pass', 1)])"
2022-07-26T03:00:57Z,"OrderedDict([('pass', 1)])"
2022-07-26T16:09:19Z,"OrderedDict([('pass', 1)])"
2022-07-27T02:53:06Z,"OrderedDict([('pass', 1)])"
2022-07-28T02:41:21Z,"OrderedDict([('pass', 1)])"
2022-07-29T03:00:18Z,"OrderedDict([('pass', 1)])"
2022-07-30T02:45:20Z,"OrderedDict([('pass', 1)])"
2022-07-31T02:59:16Z,"OrderedDict([('pass', 1)])"
2022-08-01T02:54:26Z,"OrderedDict([('pass', 1)])"
2022-08-02T03:06:53Z,"OrderedDict([('pass', 1)])"
2022-08-03T02:45:05Z,"OrderedDict([('pass', 1)])"
2022-08-04T02:40:42Z,"OrderedDict([('pass', 1)])"
2022-08-05T02:42:14Z,"OrderedDict([('pass', 1)])"
2022-08-06T02:40:54Z,"OrderedDict([('pass', 1)])"
2022-08-07T02:51:00Z,"OrderedDict([('pass', 1)])"
2022-08-08T02:40:04Z,"OrderedDict([('pass', 1)])"
2022-08-09T02:50:46Z,"OrderedDict([('pass', 1)])"
2022-08-09T22:01:56Z,"OrderedDict([('pass', 1)])"
2022-08-11T02:36:58Z,"OrderedDict([('pass', 1)])"
2022-08-12T02:39:17Z,"OrderedDict([('pass', 1)])"
2022-08-13T02:34:30Z,"OrderedDict([('pass', 1)])"
2022-08-14T02:58:21Z,"OrderedDict([('pass', 1)])"
2022-08-15T02:58:48Z,"OrderedDict([('pass', 1)])"
2022-08-16T02:50:57Z,"OrderedDict([('pass', 1)])"
2022-08-17T03:11:19Z,"OrderedDict([('pass', 1)])"
2022-08-18T03:03:11Z,"OrderedDict([('pass', 1)])"
2022-08-19T03:02:41Z,"OrderedDict([('pass', 1)])"
2022-08-20T02:53:09Z,"OrderedDict([('pass', 1)])"
2022-08-23T19:17:15Z,"OrderedDict([('pass', 1)])"
2022-08-30T13:32:59Z,"OrderedDict([('pass', 1)])"
2022-09-01T02:55:44Z,"OrderedDict([('pass', 1)])"
2022-09-02T03:07:19Z,"OrderedDict([('pass', 1)])"
2022-09-02T22:03:45Z,"OrderedDict([('pass', 1)])"
2022-09-04T03:10:26Z,"OrderedDict([('pass', 1)])"
2022-09-05T03:07:10Z,"OrderedDict([('pass', 1)])"
2022-09-06T03:22:05Z,"OrderedDict([('pass', 1)])"
2022-09-07T03:19:11Z,"OrderedDict([('pass', 1)])"
2022-09-10T03:12:40Z,"OrderedDict([('pass', 1)])"
2022-09-11T03:12:18Z,"OrderedDict([('pass', 1)])"
2022-09-12T03:23:31Z,"OrderedDict([('pass', 1)])"
2022-09-13T03:17:06Z,"OrderedDict([('pass', 1)])"
2022-09-14T03:15:38Z,"OrderedDict([('pass', 1)])"
2022-09-15T03:24:33Z,"OrderedDict([('pass', 1)])"
2022-09-16T03:18:32Z,"OrderedDict([('pass', 1)])"
2022-09-16T19:13:22Z,"OrderedDict([('pass', 1)])"
2022-09-18T03:28:21Z,"OrderedDict([('pass', 1)])"
2022-09-20T03:10:32Z,"OrderedDict([('pass', 1)])"
2022-09-21T03:25:20Z,"OrderedDict([('pass', 1)])"
2022-09-22T03:16:05Z,"OrderedDict([('pass', 1)])"
2022-09-24T03:14:50Z,"OrderedDict([('pass', 1)])"
2022-09-25T03:13:30Z,"OrderedDict([('pass', 1)])"
2022-09-26T03:21:18Z,"OrderedDict([('pass', 1)])"
2022-09-26T16:20:55Z,"OrderedDict([('pass', 1)])"
2022-09-29T02:48:12Z,"OrderedDict([('pass', 1)])"
2022-09-30T03:04:24Z,"OrderedDict([('pass', 1)])"
2022-10-01T03:01:31Z,"OrderedDict([('pass', 1)])"
2022-10-02T02:52:50Z,"OrderedDict([('pass', 1)])"
2022-10-03T02:20:42Z,"OrderedDict([('pass', 1)])"
2022-10-04T02:30:08Z,"OrderedDict([('pass', 1)])"
2022-10-05T02:29:01Z,"OrderedDict([('pass', 1)])"
2022-10-06T06:53:13Z,"OrderedDict([('pass', 1)])"
2022-10-07T02:40:31Z,"OrderedDict([('pass', 1)])"
2022-10-08T02:18:23Z,"OrderedDict([('pass', 1)])"
2022-10-09T02:41:16Z,"OrderedDict([('pass', 1)])"
2022-10-10T02:43:13Z,"OrderedDict([('pass', 1)])"
2022-10-11T02:38:14Z,"OrderedDict([('pass', 1)])"
2022-10-12T02:50:41Z,"OrderedDict([('pass', 1)])"
2022-10-13T02:43:09Z,"OrderedDict([('pass', 1)])"
2022-10-14T02:54:18Z,"OrderedDict([('pass', 1)])"
2022-10-15T02:49:55Z,"OrderedDict([('pass', 1)])"
2022-10-16T02:54:49Z,"OrderedDict([('pass', 1)])"
2022-10-17T02:56:48Z,"OrderedDict([('pass', 1)])"
2022-10-18T02:48:17Z,"OrderedDict([('pass', 1)])"
2022-10-19T02:45:16Z,"OrderedDict([('pass', 1)])"
2022-10-20T02:46:20Z,"OrderedDict([('pass', 1)])"
2022-10-20T21:43:10Z,"OrderedDict([('pass', 1)])"
2022-10-22T02:31:17Z,"OrderedDict([('pass', 1)])"
2022-10-23T02:45:04Z,"OrderedDict([('pass', 1)])"
2022-10-24T02:57:24Z,"OrderedDict([('pass', 1)])"
2022-10-25T02:50:40Z,"OrderedDict([('pass', 1)])"
2022-10-26T02:26:15Z,"OrderedDict([('pass', 1)])"
2022-10-27T02:22:43Z,"OrderedDict([('pass', 1)])"
2022-10-28T02:35:50Z,"OrderedDict([('pass', 1)])"
2022-10-29T02:16:14Z,"OrderedDict([('pass', 1)])"
2022-10-30T02:39:15Z,"OrderedDict([('pass', 1)])"
2022-10-31T02:40:00Z,"OrderedDict([('pass', 1)])"
2022-11-01T02:45:25Z,"OrderedDict([('pass', 1)])"
2022-11-02T02:38:05Z,"OrderedDict([('pass', 1)])"
2022-11-03T02:19:16Z,"OrderedDict([('pass', 1)])"
2022-11-04T13:04:19Z,"OrderedDict([('pass', 1)])"
2022-11-05T02:16:32Z,"OrderedDict([('pass', 1)])"
2022-11-06T02:18:18Z,"OrderedDict([('pass', 1)])"
2022-11-07T02:14:37Z,"OrderedDict([('pass', 1)])"
2022-11-08T02:13:30Z,"OrderedDict([('pass', 1)])"
2022-11-09T02:25:05Z,"OrderedDict([('pass', 1)])"
2022-11-10T02:16:39Z,"OrderedDict([('pass', 1)])"
2022-11-11T02:17:03Z,"OrderedDict([('pass', 1)])"
2022-11-12T02:12:30Z,"OrderedDict([('pass', 1)])"
2022-11-13T02:11:39Z,"OrderedDict([('pass', 1)])"
2022-11-14T02:12:27Z,"OrderedDict([('pass', 1)])"
2022-11-14T18:46:41Z,"OrderedDict([('pass', 1)])"
2022-11-16T02:11:05Z,"OrderedDict([('pass', 1)])"
2022-11-17T02:09:53Z,"OrderedDict([('pass', 1)])"
2022-11-18T02:14:51Z,"OrderedDict([('pass', 1)])"
2022-11-19T02:09:17Z,"OrderedDict([('pass', 1)])"
2022-11-20T02:14:40Z,"OrderedDict([('pass', 1)])"
2022-11-21T02:11:03Z,"OrderedDict([('pass', 1)])"
2022-11-22T02:13:26Z,"OrderedDict([('pass', 1)])"
2022-11-23T02:00:35Z,"OrderedDict([('pass', 1)])"
2022-11-24T02:03:43Z,"OrderedDict([('pass', 1)])"
2022-11-25T02:00:50Z,"OrderedDict([('pass', 1)])"
2022-11-26T01:55:31Z,"OrderedDict([('pass', 1)])"
2022-11-27T02:06:18Z,"OrderedDict([('pass', 1)])"
2022-11-28T02:00:06Z,"OrderedDict([('pass', 1)])"
2022-11-29T01:59:07Z,"OrderedDict([('pass', 1)])"
2022-11-30T02:00:46Z,"OrderedDict([('pass', 1)])"
2022-12-01T02:11:22Z,"OrderedDict([('pass', 1)])"
2022-12-02T01:46:25Z,"OrderedDict([('pass', 1)])"
2022-12-03T01:42:36Z,"OrderedDict([('pass', 1)])"
2022-12-04T01:54:38Z,"OrderedDict([('pass', 1)])"
2022-12-05T01:46:52Z,"OrderedDict([('pass', 1)])"
2022-12-06T01:45:11Z,"OrderedDict([('pass', 1)])"
2022-12-07T01:55:04Z,"OrderedDict([('pass', 1)])"
2022-12-08T01:45:41Z,"OrderedDict([('pass', 1)])"
2022-12-09T01:55:16Z,"OrderedDict([('pass', 1)])"
2022-12-10T01:42:49Z,"OrderedDict([('pass', 1)])"
2022-12-11T01:58:43Z,"OrderedDict([('pass', 1)])"
2022-12-12T01:55:27Z,"OrderedDict([('pass', 1)])"
2022-12-13T01:56:52Z,"OrderedDict([('pass', 1)])"
2022-12-14T01:47:37Z,"OrderedDict([('pass', 1)])"
2022-12-15T01:55:19Z,"OrderedDict([('pass', 1)])"
2022-12-16T01:42:17Z,"OrderedDict([('pass', 1)])"
2022-12-17T01:39:45Z,"OrderedDict([('pass', 1)])"
2022-12-18T01:42:12Z,"OrderedDict([('pass', 1)])"
2022-12-19T01:40:05Z,"OrderedDict([('pass', 1)])"
2022-12-20T01:43:22Z,"OrderedDict([('pass', 1)])"
2022-12-21T01:40:00Z,"OrderedDict([('pass', 1)])"
2022-12-22T01:45:27Z,"OrderedDict([('pass', 1)])"
2022-12-23T01:41:10Z,"OrderedDict([('pass', 1)])"
2022-12-24T01:35:59Z,"OrderedDict([('pass', 1)])"
2022-12-25T01:45:26Z,"OrderedDict([('pass', 1)])"
2022-12-26T01:42:43Z,"OrderedDict([('pass', 1)])"
2022-12-27T01:40:46Z,"OrderedDict([('pass', 1)])"
2022-12-28T01:41:01Z,"OrderedDict([('pass', 1)])"
2022-12-29T01:46:13Z,"OrderedDict([('pass', 1)])"
2022-12-30T01:43:46Z,"OrderedDict([('pass', 1)])"
2022-12-31T01:41:31Z,"OrderedDict([('pass', 1)])"
2023-01-01T02:02:19Z,"OrderedDict([('pass', 1)])"
2023-01-02T01:42:56Z,"OrderedDict([('pass', 1)])"
2023-01-03T01:42:29Z,"OrderedDict([('pass', 1)])"
2023-01-04T01:44:04Z,"OrderedDict([('pass', 1)])"
2023-01-04T21:36:16Z,"OrderedDict([('pass', 1)])"
2023-01-06T01:46:47Z,"OrderedDict([('pass', 1)])"
2023-01-07T01:44:15Z,"OrderedDict([('pass', 1)])"
2023-01-08T01:56:30Z,"OrderedDict([('pass', 1)])"
2023-01-09T01:44:44Z,"OrderedDict([('pass', 1)])"
2023-01-10T01:55:11Z,"OrderedDict([('pass', 1)])"
2023-01-11T01:46:52Z,"OrderedDict([('pass', 1)])"
2023-01-12T01:48:05Z,"OrderedDict([('pass', 1)])"
2023-01-13T01:54:12Z,"OrderedDict([('pass', 1)])"
2023-01-14T01:41:27Z,"OrderedDict([('pass', 1)])"
2023-01-15T01:56:17Z,"OrderedDict([('pass', 1)])"
2023-01-16T01:45:37Z,"OrderedDict([('pass', 1)])"
2023-01-16T21:35:25Z,"OrderedDict([('pass', 1)])"
2023-01-18T01:54:26Z,"OrderedDict([('pass', 1)])"
2023-01-19T01:55:05Z,"OrderedDict([('pass', 1)])"
2023-01-20T01:47:16Z,"OrderedDict([('pass', 1)])"
2023-01-21T01:45:45Z,"OrderedDict([('pass', 1)])"
2023-01-22T01:56:02Z,"OrderedDict([('pass', 1)])"
2023-01-23T01:44:00Z,"OrderedDict([('pass', 1)])"
2023-01-24T01:52:48Z,"OrderedDict([('pass', 1)])"
2023-01-25T01:44:16Z,"OrderedDict([('pass', 1)])"
2023-01-26T01:46:17Z,"OrderedDict([('pass', 1)])"
2023-01-27T01:55:27Z,"OrderedDict([('pass', 1)])"
2023-01-28T01:44:00Z,"OrderedDict([('pass', 1)])"
2023-01-29T01:55:02Z,"OrderedDict([('pass', 1)])"
2023-01-30T01:40:40Z,"OrderedDict([('pass', 1)])"
2023-01-31T01:55:01Z,"OrderedDict([('pass', 1)])"
2023-02-01T02:02:51Z,"OrderedDict([('pass', 1)])"
2023-02-02T01:55:20Z,"OrderedDict([('pass', 1)])"
2023-02-03T01:55:59Z,"OrderedDict([('pass', 1)])"
2023-02-04T01:42:36Z,"OrderedDict([('pass', 1)])"
2023-02-05T00:50:02Z,"OrderedDict([('pass', 1)])"
2023-02-06T00:43:59Z,"OrderedDict([('pass', 1)])"
2023-02-07T00:47:48Z,"OrderedDict([('pass', 1)])"
2023-02-08T00:45:12Z,"OrderedDict([('pass', 1)])"
2023-02-09T00:45:45Z,"OrderedDict([('pass', 1)])"
2023-02-10T00:48:44Z,"OrderedDict([('pass', 1)])"
2023-02-11T00:42:26Z,"OrderedDict([('pass', 1)])"
2023-02-11T21:18:44Z,"OrderedDict([('pass', 1)])"
2023-02-13T00:47:59Z,"OrderedDict([('pass', 1)])"
2023-02-14T00:46:24Z,"OrderedDict([('pass', 1)])"
2023-02-14T21:21:35Z,"OrderedDict([('pass', 1)])"
2023-02-16T00:48:29Z,"OrderedDict([('pass', 1)])"
2023-02-17T00:49:44Z,"OrderedDict([('pass', 1)])"
2023-02-18T00:47:20Z,"OrderedDict([('pass', 1)])"
2023-02-19T00:46:21Z,"OrderedDict([('pass', 1)])"
2023-02-20T00:49:11Z,"OrderedDict([('pass', 1)])"
2023-02-21T00:48:24Z,"OrderedDict([('pass', 1)])"
2023-02-22T00:43:30Z,"OrderedDict([('pass', 1)])"
2023-02-24T00:45:51Z,"OrderedDict([('pass', 1)])"
2023-02-25T00:46:40Z,"OrderedDict([('pass', 1)])"
2023-02-26T00:51:44Z,"OrderedDict([('pass', 1)])"
2023-02-27T00:47:52Z,"OrderedDict([('pass', 1)])"
2023-02-28T00:47:47Z,"OrderedDict([('pass', 1)])"
2023-03-01T00:51:14Z,"OrderedDict([('pass', 1)])"
2023-03-02T00:50:34Z,"OrderedDict([('pass', 1)])"
2023-03-02T21:19:08Z,"OrderedDict([('pass', 1)])"
2023-03-04T00:46:12Z,"OrderedDict([('pass', 1)])"
2023-03-05T00:50:11Z,"OrderedDict([('pass', 1)])"
2023-03-06T00:48:08Z,"OrderedDict([('pass', 1)])"
2023-03-07T00:49:08Z,"OrderedDict([('pass', 1)])"
2023-03-08T00:48:12Z,"OrderedDict([('pass', 1)])"
2023-03-09T00:48:37Z,"OrderedDict([('pass', 1)])"
2023-03-10T00:48:07Z,"OrderedDict([('pass', 1)])"
2023-03-11T00:43:06Z,"OrderedDict([('pass', 1)])"
2023-03-12T00:47:29Z,"OrderedDict([('pass', 1)])"
2023-03-13T00:46:51Z,"OrderedDict([('pass', 1)])"
2023-03-14T00:45:36Z,"OrderedDict([('pass', 1)])"
2023-03-15T00:46:53Z,"OrderedDict([('pass', 1)])"
2023-03-16T00:48:05Z,"OrderedDict([('pass', 1)])"
2023-03-17T00:47:41Z,"OrderedDict([('pass', 1)])"
2023-03-18T00:44:44Z,"OrderedDict([('pass', 1)])"
2023-03-19T00:49:40Z,"OrderedDict([('pass', 1)])"
2023-03-20T00:48:19Z,"OrderedDict([('pass', 1)])"
2023-03-21T00:44:11Z,"OrderedDict([('pass', 1)])"
2023-03-22T00:44:15Z,"OrderedDict([('pass', 1)])"
2023-03-23T00:45:42Z,"OrderedDict([('pass', 1)])"
2023-03-24T00:44:44Z,"OrderedDict([('pass', 1)])"
2023-03-25T00:44:17Z,"OrderedDict([('pass', 1)])"
2023-03-26T00:47:35Z,"OrderedDict([('pass', 1)])"
2023-03-27T00:44:53Z,"OrderedDict([('pass', 1)])"
2023-03-28T00:46:00Z,"OrderedDict([('pass', 1)])"
2023-03-29T00:49:20Z,"OrderedDict([('pass', 1)])"
2023-03-30T00:46:32Z,"OrderedDict([('pass', 1)])"
2023-03-31T00:46:05Z,"OrderedDict([('pass', 1)])"
2023-04-01T00:46:27Z,"OrderedDict([('pass', 1)])"
2023-04-02T00:46:42Z,"OrderedDict([('pass', 1)])"
2023-04-03T00:46:05Z,"OrderedDict([('pass', 1)])"
2023-04-03T21:20:19Z,"OrderedDict([('pass', 1)])"
2023-04-05T00:40:38Z,"OrderedDict([('pass', 1)])"
2023-04-06T00:55:14Z,"OrderedDict([('pass', 1)])"
2023-04-07T00:51:04Z,"OrderedDict([('pass', 1)])"
2023-04-08T00:52:39Z,"OrderedDict([('pass', 1)])"
2023-04-09T00:55:51Z,"OrderedDict([('pass', 1)])"
2023-04-10T00:53:48Z,"OrderedDict([('pass', 1)])"
2023-04-11T00:55:33Z,"OrderedDict([('pass', 1)])"
2023-04-12T00:53:54Z,"OrderedDict([('pass', 1)])"
2023-04-13T00:55:53Z,"OrderedDict([('pass', 1)])"
2023-04-14T00:53:42Z,"OrderedDict([('pass', 1)])"
2023-04-15T00:56:47Z,"OrderedDict([('pass', 1)])"
2023-04-16T00:55:48Z,"OrderedDict([('pass', 1)])"
2023-04-17T00:56:00Z,"OrderedDict([('pass', 1)])"
2023-04-18T00:53:45Z,"OrderedDict([('pass', 1)])"
2023-04-19T00:56:01Z,"OrderedDict([('pass', 1)])"
2023-04-20T00:53:49Z,"OrderedDict([('pass', 1)])"
2023-04-21T00:54:47Z,"OrderedDict([('pass', 1)])"
2023-04-22T00:55:33Z,"OrderedDict([('pass', 1)])"
2023-04-23T00:59:38Z,"OrderedDict([('pass', 1)])"
2023-04-24T00:57:05Z,"OrderedDict([('pass', 1)])"
2023-04-25T00:56:09Z,"OrderedDict([('pass', 1)])"
2023-04-26T00:56:51Z,"OrderedDict([('pass', 1)])"
2023-04-27T00:57:44Z,"OrderedDict([('pass', 1)])"
2023-04-28T00:57:25Z,"OrderedDict([('pass', 1)])"
2023-04-29T00:54:30Z,"OrderedDict([('pass', 1)])"
2023-04-30T00:58:49Z,"OrderedDict([('pass', 1)])"
2023-05-01T00:56:59Z,"OrderedDict([('pass', 1)])"
2023-05-02T00:55:38Z,"OrderedDict([('pass', 1)])"
2023-05-03T00:56:00Z,"OrderedDict([('pass', 1)])"
2023-05-04T00:55:51Z,"OrderedDict([('pass', 1)])"
2023-05-05T00:52:51Z,"OrderedDict([('pass', 1)])"
2023-05-06T00:51:30Z,"OrderedDict([('pass', 1)])"
2023-05-07T00:57:41Z,"OrderedDict([('pass', 1)])"
2023-05-08T00:54:06Z,"OrderedDict([('pass', 1)])"
2023-05-09T00:56:18Z,"OrderedDict([('pass', 1)])"
2023-05-10T00:55:22Z,"OrderedDict([('pass', 1)])"
2023-05-11T00:55:37Z,"OrderedDict([('pass', 1)])"
2023-05-12T00:56:16Z,"OrderedDict([('pass', 1)])"
2023-05-13T00:53:25Z,"OrderedDict([('pass', 1)])"
2023-05-14T00:57:50Z,"OrderedDict([('pass', 1)])"
2023-05-15T00:56:23Z,"OrderedDict([('pass', 1)])"
2023-05-16T00:55:58Z,"OrderedDict([('pass', 1)])"
2023-05-17T00:59:11Z,"OrderedDict([('pass', 1)])"
2023-05-18T00:55:31Z,"OrderedDict([('pass', 1)])"
2023-05-19T00:55:56Z,"OrderedDict([('pass', 1)])"
2023-05-20T00:54:14Z,"OrderedDict([('pass', 1)])"
2023-05-21T00:59:54Z,"OrderedDict([('pass', 1)])"
2023-05-22T00:58:48Z,"OrderedDict([('pass', 1)])"
2023-05-23T00:57:20Z,"OrderedDict([('pass', 1)])"
2023-05-24T00:57:20Z,"OrderedDict([('pass', 1)])"
2023-05-25T00:55:56Z,"OrderedDict([('pass', 1)])"
2023-05-26T00:56:34Z,"OrderedDict([('pass', 1)])"
2023-05-27T00:57:45Z,"OrderedDict([('pass', 1)])"
2023-05-28T00:59:10Z,"OrderedDict([('pass', 1)])"
2023-05-29T00:57:24Z,"OrderedDict([('pass', 1)])"
2023-05-30T00:58:46Z,"OrderedDict([('pass', 1)])"
2023-05-31T01:00:50Z,"OrderedDict([('pass', 1)])"
2023-06-01T01:10:26Z,"OrderedDict([('pass', 1)])"
2023-06-02T01:00:50Z,"OrderedDict([('pass', 1)])"
2023-11-02T01:23:05Z,"OrderedDict([('pass', 1)])"
2023-11-03T01:23:22Z,"OrderedDict([('pass', 1)])"
2023-11-04T01:22:49Z,"OrderedDict([('pass', 1)])"
2023-11-06T01:26:01Z,"OrderedDict([('pass', 1)])"
2023-11-08T01:23:15Z,"OrderedDict([('pass', 1)])"
2023-11-09T01:23:44Z,"OrderedDict([('pass', 1)])"
2023-11-12T01:27:47Z,"OrderedDict([('pass', 1)])"
2023-11-13T01:25:24Z,"OrderedDict([('pass', 1)])"
2023-11-14T01:25:31Z,"OrderedDict([('pass', 1)])"
2023-11-16T01:25:51Z,"OrderedDict([('pass', 1)])"
2023-11-17T01:25:47Z,"OrderedDict([('pass', 1)])"
2023-11-18T01:25:13Z,"OrderedDict([('pass', 1)])"
2023-11-19T01:30:39Z,"OrderedDict([('pass', 1)])"
2023-11-20T01:27:27Z,"OrderedDict([('pass', 1)])"
2023-11-21T01:28:13Z,"OrderedDict([('pass', 1)])"
2023-11-22T01:28:54Z,"OrderedDict([('pass', 1)])"
2023-11-23T01:25:41Z,"OrderedDict([('pass', 1)])"
2023-11-24T01:24:16Z,"OrderedDict([('pass', 1)])"
2023-11-25T01:22:47Z,"OrderedDict([('pass', 1)])"
2023-11-26T01:29:03Z,"OrderedDict([('pass', 1)])"
2023-11-27T01:25:45Z,"OrderedDict([('pass', 1)])"
2023-11-28T01:26:57Z,"OrderedDict([('pass', 1)])"
2023-11-29T01:26:47Z,"OrderedDict([('pass', 1)])"
2023-11-29T21:31:50Z,"OrderedDict([('pass', 1)])"
2023-12-01T01:15:07Z,"OrderedDict([('pass', 1)])"
2023-12-02T01:09:17Z,"OrderedDict([('pass', 1)])"
2023-12-03T01:12:36Z,"OrderedDict([('pass', 1)])"
2023-12-04T01:10:34Z,"OrderedDict([('pass', 1)])"
2023-12-05T01:10:52Z,"OrderedDict([('pass', 1)])"
2023-12-06T01:11:03Z,"OrderedDict([('pass', 1)])"
2023-12-07T01:10:43Z,"OrderedDict([('pass', 1)])"
2023-12-08T01:11:36Z,"OrderedDict([('pass', 1)])"
2023-12-09T01:09:17Z,"OrderedDict([('pass', 1)])"
2023-12-10T01:13:52Z,"OrderedDict([('pass', 1)])"
2023-12-11T01:10:58Z,"OrderedDict([('pass', 1)])"
2023-12-12T01:10:43Z,"OrderedDict([('pass', 1)])"
2023-12-13T01:10:26Z,"OrderedDict([('pass', 1)])"
2023-12-14T01:09:06Z,"OrderedDict([('pass', 1)])"
2023-12-15T01:11:30Z,"OrderedDict([('pass', 1)])"
2023-12-16T01:09:44Z,"OrderedDict([('pass', 1)])"
2023-12-17T01:14:32Z,"OrderedDict([('pass', 1)])"
2023-12-18T01:11:28Z,"OrderedDict([('pass', 1)])"
2023-12-19T01:09:52Z,"OrderedDict([('pass', 1)])"
2023-12-20T01:00:50Z,"OrderedDict([('pass', 1)])"
2023-12-21T01:10:26Z,"OrderedDict([('pass', 1)])"
2023-12-22T01:09:38Z,"OrderedDict([('pass', 1)])"
2023-12-23T01:07:22Z,"OrderedDict([('pass', 1)])"
2023-12-24T01:13:20Z,"OrderedDict([('pass', 1)])"
2023-12-25T01:09:48Z,"OrderedDict([('pass', 1)])"
2023-12-26T01:07:44Z,"OrderedDict([('pass', 1)])"
2023-12-27T01:07:44Z,"OrderedDict([('pass', 1)])"
2023-12-28T01:07:26Z,"OrderedDict([('pass', 1)])"
2023-12-29T00:58:35Z,"OrderedDict([('pass', 1)])"
2023-12-30T01:06:47Z,"OrderedDict([('pass', 1)])"
2023-12-31T01:12:45Z,"OrderedDict([('pass', 1)])"
2024-01-01T01:14:05Z,"OrderedDict([('pass', 1)])"
2024-01-02T01:08:24Z,"OrderedDict([('pass', 1)])"
2024-01-03T01:09:36Z,"OrderedDict([('pass', 1)])"
2024-01-04T01:10:07Z,"OrderedDict([('pass', 1)])"
2024-01-05T01:10:03Z,"OrderedDict([('pass', 1)])"
2024-01-06T01:10:21Z,"OrderedDict([('pass', 1)])"
2024-01-08T01:11:31Z,"OrderedDict([('pass', 1)])"
2024-01-09T01:11:21Z,"OrderedDict([('pass', 1)])"
2024-01-10T01:12:11Z,"OrderedDict([('pass', 1)])"
2024-01-11T01:11:51Z,"OrderedDict([('pass', 1)])"
2024-01-12T01:12:07Z,"OrderedDict([('pass', 1)])"
2024-01-13T01:11:28Z,"OrderedDict([('pass', 1)])"
2024-01-14T01:16:11Z,"OrderedDict([('pass', 1)])"
2024-01-15T01:15:13Z,"OrderedDict([('pass', 1)])"
2024-01-16T01:10:48Z,"OrderedDict([('pass', 1)])"
2024-01-16T21:28:09Z,"OrderedDict([('pass', 1)])"
2024-01-18T01:10:09Z,"OrderedDict([('pass', 1)])"
2024-01-20T01:10:59Z,"OrderedDict([('pass', 1)])"
2024-01-21T01:14:17Z,"OrderedDict([('pass', 1)])"
2024-01-21T06:30:14Z,"OrderedDict([('pass', 1)])"
2024-01-27T00:13:33Z,"OrderedDict([('pass', 1)])"
2024-01-28T00:12:57Z,"OrderedDict([('pass', 1)])"
2024-01-29T00:13:49Z,"OrderedDict([('pass', 1)])"
2024-01-30T00:13:21Z,"OrderedDict([('pass', 1)])"
2024-01-31T00:13:37Z,"OrderedDict([('pass', 1)])"
2024-02-01T00:13:58Z,"OrderedDict([('pass', 1)])"
2024-02-02T00:13:31Z,"OrderedDict([('pass', 1)])"
2024-02-03T00:13:34Z,"OrderedDict([('pass', 1)])"
2024-02-04T00:13:41Z,"OrderedDict([('pass', 1)])"
2024-02-05T00:13:48Z,"OrderedDict([('pass', 1)])"
2024-02-06T00:13:55Z,"OrderedDict([('pass', 1)])"
2024-02-07T00:13:21Z,"OrderedDict([('pass', 1)])"
2024-02-08T00:13:35Z,"OrderedDict([('pass', 1)])"
2024-02-09T00:13:44Z,"OrderedDict([('pass', 1)])"
2024-02-10T00:13:32Z,"OrderedDict([('pass', 1)])"
2024-02-11T00:13:19Z,"OrderedDict([('pass', 1)])"
2024-02-12T00:13:16Z,"OrderedDict([('pass', 1)])"
2024-02-13T00:13:46Z,"OrderedDict([('pass', 1)])"
2024-02-14T00:13:32Z,"OrderedDict([('pass', 1)])"
2024-02-15T00:13:29Z,"OrderedDict([('pass', 1)])"
2024-02-16T00:13:24Z,"OrderedDict([('pass', 1)])"
2024-02-17T00:13:35Z,"OrderedDict([('pass', 1)])"
2024-02-18T00:13:39Z,"OrderedDict([('pass', 1)])"
2024-02-19T00:13:35Z,"OrderedDict([('pass', 1)])"
2024-02-20T00:13:06Z,"OrderedDict([('pass', 1)])"
2024-02-21T00:13:13Z,"OrderedDict([('pass', 1)])"
2024-02-22T00:13:24Z,"OrderedDict([('pass', 1)])"
2024-02-23T00:13:29Z,"OrderedDict([('pass', 1)])"
2024-02-24T00:13:37Z,"OrderedDict([('pass', 1)])"
2024-02-25T00:13:23Z,"OrderedDict([('pass', 1)])"
2024-02-26T00:13:22Z,"OrderedDict([('pass', 1)])"
2024-02-27T00:13:19Z,"OrderedDict([('pass', 1)])"
2024-02-28T00:13:08Z,"OrderedDict([('pass', 1)])"
2024-02-29T00:13:09Z,"OrderedDict([('pass', 1)])"
2024-03-01T00:12:56Z,"OrderedDict([('pass', 1)])"
2024-03-03T00:13:47Z,"OrderedDict([('pass', 1)])"
2024-03-04T00:13:25Z,"OrderedDict([('pass', 1)])"
2024-03-05T00:13:10Z,"OrderedDict([('pass', 1)])"
2024-03-06T00:13:17Z,"OrderedDict([('pass', 1)])"
2024-03-07T00:13:16Z,"OrderedDict([('pass', 1)])"
2024-03-08T00:13:35Z,"OrderedDict([('pass', 1)])"
2024-03-09T00:13:28Z,"OrderedDict([('pass', 1)])"
2024-03-10T00:13:52Z,"OrderedDict([('pass', 1)])"
2024-03-11T00:14:56Z,"OrderedDict([('pass', 1)])"
2024-03-12T00:13:29Z,"OrderedDict([('pass', 1)])"
2024-03-13T00:13:53Z,"OrderedDict([('pass', 1)])"
2024-03-15T00:13:30Z,"OrderedDict([('pass', 1)])"
2024-03-17T00:13:24Z,"OrderedDict([('pass', 1)])"
2024-03-18T00:13:31Z,"OrderedDict([('pass', 1)])"
2024-03-19T00:13:34Z,"OrderedDict([('pass', 1)])"
2024-03-20T00:13:37Z,"OrderedDict([('pass', 1)])"
2024-03-21T00:13:11Z,"OrderedDict([('pass', 1)])"
2024-03-23T00:13:22Z,"OrderedDict([('pass', 1)])"
2024-03-24T00:13:17Z,"OrderedDict([('pass', 1)])"
2024-03-25T00:13:24Z,"OrderedDict([('pass', 1)])"
2024-03-26T00:13:03Z,"OrderedDict([('pass', 1)])"
2024-03-27T00:13:28Z,"OrderedDict([('pass', 1)])"
